[3, 51, 51, 17] - [3, 51, 51, 17]	True - [2, 2, 2, 2, 2, 2, 2, 2] - [2, 2, 2, 2, 2, 2, 2, 2]
[3, 51, 51, 20] - [3, 51, 51, 65]	True - [4, 4, 4, 4] - [4, 4, 4, 4]
[3, 51, 51, 65] - [3, 51, 51, 20]	True - [4, 4, 4, 4] - [4, 4, 4, 4]
[3, 51, 51, 68] - [3, 51, 51, 68]	True - [2, 2, 2, 2, 2, 2, 2, 2] - [2, 2, 2, 2, 2, 2, 2, 2]
[3, 51, 204, 17] - [3, 51, 204, 17]	True - [2, 2, 2, 2, 2, 2, 2, 2] - [2, 2, 2, 2, 2, 2, 2, 2]
[3, 51, 204, 20] - [3, 51, 204, 20]	True - [2, 2, 2, 2, 2, 2, 2, 2] - [2, 2, 2, 2, 2, 2, 2, 2]
[3, 51, 204, 65] - [3, 51, 204, 65]	True - [2, 2, 2, 2, 2, 2, 2, 2] - [2, 2, 2, 2, 2, 2, 2, 2]
[3, 51, 204, 68] - [3, 51, 204, 68]	True - [2, 2, 2, 2, 2, 2, 2, 2] - [2, 2, 2, 2, 2, 2, 2, 2]
[3, 51, 60, 17] - [3, 51, 195, 17]	True - [4, 4, 4, 4] - [4, 4, 4, 4]
[3, 51, 60, 68] - [3, 51, 195, 68]	True - [4, 4, 4, 4] - [4, 4, 4, 4]
[3, 51, 195, 17] - [3, 51, 60, 17]	True - [4, 4, 4, 4] - [4, 4, 4, 4]
[3, 51, 195, 68] - [3, 51, 60, 68]	True - [4, 4, 4, 4] - [4, 4, 4, 4]
[3, 51, 85, 5] - [3, 51, 85, 5]	True - [2, 2, 2, 2, 2, 2, 2, 2] - [2, 2, 2, 2, 2, 2, 2, 2]
[3, 51, 85, 20] - [3, 51, 153, 5]	True - [2, 2, 6, 6] - [2, 2, 6, 6]
[3, 51, 85, 65] - [3, 51, 102, 5]	True - [2, 2, 6, 6] - [2, 2, 6, 6]
[3, 51, 85, 80] - [3, 51, 170, 5]	True - [4, 4, 4, 4] - [4, 4, 4, 4]
[3, 51, 170, 5] - [3, 51, 85, 80]	True - [4, 4, 4, 4] - [4, 4, 4, 4]
[3, 51, 170, 20] - [3, 51, 102, 80]	True - [2, 2, 6, 6] - [2, 2, 6, 6]
[3, 51, 170, 65] - [3, 51, 153, 80]	True - [2, 2, 6, 6] - [2, 2, 6, 6]
[3, 51, 170, 80] - [3, 51, 170, 80]	True - [2, 2, 2, 2, 2, 2, 2, 2] - [2, 2, 2, 2, 2, 2, 2, 2]
[3, 51, 102, 5] - [3, 51, 85, 65]	True - [2, 2, 6, 6] - [2, 2, 6, 6]
[3, 51, 102, 17] - [3, 51, 153, 17]	True - [4, 4, 4, 4] - [4, 4, 4, 4]
[3, 51, 102, 68] - [3, 51, 102, 68]	True - [2, 2, 2, 2, 2, 2, 2, 2] - [2, 2, 2, 2, 2, 2, 2, 2]
[3, 51, 102, 80] - [3, 51, 170, 20]	True - [2, 2, 6, 6] - [2, 2, 6, 6]
[3, 51, 105, 17] - [3, 51, 105, 17]	True - [2, 2, 2, 2, 2, 2, 2, 2] - [2, 2, 2, 2, 2, 2, 2, 2]
[3, 51, 105, 68] - [3, 51, 150, 68]	True - [4, 4, 4, 4] - [4, 4, 4, 4]
[3, 51, 150, 17] - [3, 51, 150, 17]	True - [2, 2, 2, 2, 2, 2, 2, 2] - [2, 2, 2, 2, 2, 2, 2, 2]
[3, 51, 150, 68] - [3, 51, 105, 68]	True - [4, 4, 4, 4] - [4, 4, 4, 4]
[3, 51, 153, 5] - [3, 51, 85, 20]	True - [2, 2, 6, 6] - [2, 2, 6, 6]
[3, 51, 153, 17] - [3, 51, 102, 17]	True - [4, 4, 4, 4] - [4, 4, 4, 4]
[3, 51, 153, 68] - [3, 51, 153, 68]	True - [2, 2, 2, 2, 2, 2, 2, 2] - [2, 2, 2, 2, 2, 2, 2, 2]
[3, 51, 153, 80] - [3, 51, 170, 65]	True - [2, 2, 6, 6] - [2, 2, 6, 6]
[3, 51, 54, 17] - [3, 51, 147, 17]	True - [2, 2, 2, 2, 4, 4] - [2, 2, 2, 2, 4, 4]
[3, 51, 54, 68] - [3, 51, 99, 68]	True - [2, 2, 2, 2, 4, 4] - [2, 2, 2, 2, 4, 4]
[3, 51, 57, 17] - [3, 51, 99, 17]	True - [2, 2, 2, 2, 4, 4] - [2, 2, 2, 2, 4, 4]
[3, 51, 57, 68] - [3, 51, 147, 68]	True - [2, 2, 2, 2, 4, 4] - [2, 2, 2, 2, 4, 4]
[3, 51, 99, 17] - [3, 51, 57, 17]	True - [2, 2, 2, 2, 4, 4] - [2, 2, 2, 2, 4, 4]
[3, 51, 99, 68] - [3, 51, 54, 68]	True - [2, 2, 2, 2, 4, 4] - [2, 2, 2, 2, 4, 4]
[3, 51, 108, 17] - [3, 51, 201, 17]	True - [2, 2, 2, 2, 4, 4] - [2, 2, 2, 2, 4, 4]
[3, 51, 108, 68] - [3, 51, 198, 68]	True - [2, 2, 2, 2, 4, 4] - [2, 2, 2, 2, 4, 4]
[3, 51, 147, 17] - [3, 51, 54, 17]	True - [2, 2, 2, 2, 4, 4] - [2, 2, 2, 2, 4, 4]
[3, 51, 147, 68] - [3, 51, 57, 68]	True - [2, 2, 2, 2, 4, 4] - [2, 2, 2, 2, 4, 4]
[3, 51, 156, 17] - [3, 51, 198, 17]	True - [2, 2, 2, 2, 4, 4] - [2, 2, 2, 2, 4, 4]
[3, 51, 156, 68] - [3, 51, 201, 68]	True - [2, 2, 2, 2, 4, 4] - [2, 2, 2, 2, 4, 4]
[3, 51, 198, 17] - [3, 51, 156, 17]	True - [2, 2, 2, 2, 4, 4] - [2, 2, 2, 2, 4, 4]
[3, 51, 198, 68] - [3, 51, 108, 68]	True - [2, 2, 2, 2, 4, 4] - [2, 2, 2, 2, 4, 4]
[3, 51, 201, 17] - [3, 51, 108, 17]	True - [2, 2, 2, 2, 4, 4] - [2, 2, 2, 2, 4, 4]
[3, 51, 201, 68] - [3, 51, 156, 68]	True - [2, 2, 2, 2, 4, 4] - [2, 2, 2, 2, 4, 4]
[3, 204, 51, 17] - [3, 204, 51, 17]	True - [2, 2, 2, 2, 2, 2, 2, 2] - [2, 2, 2, 2, 2, 2, 2, 2]
[3, 204, 51, 20] - [3, 204, 51, 65]	True - [4, 4, 4, 4] - [4, 4, 4, 4]
[3, 204, 51, 65] - [3, 204, 51, 20]	True - [4, 4, 4, 4] - [4, 4, 4, 4]
[3, 204, 51, 68] - [3, 204, 51, 68]	True - [2, 2, 2, 2, 2, 2, 2, 2] - [2, 2, 2, 2, 2, 2, 2, 2]
[3, 204, 204, 17] - [3, 204, 204, 17]	True - [2, 2, 2, 2, 2, 2, 2, 2] - [2, 2, 2, 2, 2, 2, 2, 2]
[3, 204, 204, 20] - [3, 204, 204, 20]	True - [2, 2, 2, 2, 2, 2, 2, 2] - [2, 2, 2, 2, 2, 2, 2, 2]
[3, 204, 204, 65] - [3, 204, 204, 65]	True - [2, 2, 2, 2, 2, 2, 2, 2] - [2, 2, 2, 2, 2, 2, 2, 2]
[3, 204, 204, 68] - [3, 204, 204, 68]	True - [2, 2, 2, 2, 2, 2, 2, 2] - [2, 2, 2, 2, 2, 2, 2, 2]
[3, 204, 60, 17] - [3, 204, 60, 17]	True - [2, 2, 2, 2, 2, 2, 2, 2] - [2, 2, 2, 2, 2, 2, 2, 2]
[3, 204, 60, 68] - [3, 204, 60, 68]	True - [2, 2, 2, 2, 2, 2, 2, 2] - [2, 2, 2, 2, 2, 2, 2, 2]
[3, 204, 195, 17] - [3, 204, 195, 17]	True - [2, 2, 2, 2, 2, 2, 2, 2] - [2, 2, 2, 2, 2, 2, 2, 2]
[3, 204, 195, 68] - [3, 204, 195, 68]	True - [2, 2, 2, 2, 2, 2, 2, 2] - [2, 2, 2, 2, 2, 2, 2, 2]
[3, 204, 85, 5] - [3, 204, 85, 5]	True - [2, 2, 2, 2, 2, 2, 2, 2] - [2, 2, 2, 2, 2, 2, 2, 2]
[3, 204, 85, 20] - [3, 204, 153, 5]	True - [2, 2, 6, 6] - [2, 2, 6, 6]
[3, 204, 85, 65] - [3, 204, 102, 5]	True - [2, 2, 6, 6] - [2, 2, 6, 6]
[3, 204, 85, 80] - [3, 204, 170, 5]	True - [4, 4, 4, 4] - [4, 4, 4, 4]
[3, 204, 170, 5] - [3, 204, 85, 80]	True - [4, 4, 4, 4] - [4, 4, 4, 4]
[3, 204, 170, 20] - [3, 204, 102, 80]	True - [2, 2, 6, 6] - [2, 2, 6, 6]
[3, 204, 170, 65] - [3, 204, 153, 80]	True - [2, 2, 6, 6] - [2, 2, 6, 6]
[3, 204, 170, 80] - [3, 204, 170, 80]	True - [2, 2, 2, 2, 2, 2, 2, 2] - [2, 2, 2, 2, 2, 2, 2, 2]
[3, 204, 102, 5] - [3, 204, 85, 65]	True - [2, 2, 6, 6] - [2, 2, 6, 6]
[3, 204, 102, 17] - [3, 204, 153, 17]	True - [4, 4, 4, 4] - [4, 4, 4, 4]
[3, 204, 102, 68] - [3, 204, 102, 68]	True - [2, 2, 2, 2, 2, 2, 2, 2] - [2, 2, 2, 2, 2, 2, 2, 2]
[3, 204, 102, 80] - [3, 204, 170, 20]	True - [2, 2, 6, 6] - [2, 2, 6, 6]
[3, 204, 105, 17] - [3, 204, 150, 17]	True - [4, 4, 4, 4] - [4, 4, 4, 4]
[3, 204, 105, 68] - [3, 204, 105, 68]	True - [2, 2, 2, 2, 2, 2, 2, 2] - [2, 2, 2, 2, 2, 2, 2, 2]
[3, 204, 150, 17] - [3, 204, 105, 17]	True - [4, 4, 4, 4] - [4, 4, 4, 4]
[3, 204, 150, 68] - [3, 204, 150, 68]	True - [2, 2, 2, 2, 2, 2, 2, 2] - [2, 2, 2, 2, 2, 2, 2, 2]
[3, 204, 153, 5] - [3, 204, 85, 20]	True - [2, 2, 6, 6] - [2, 2, 6, 6]
[3, 204, 153, 17] - [3, 204, 102, 17]	True - [4, 4, 4, 4] - [4, 4, 4, 4]
[3, 204, 153, 68] - [3, 204, 153, 68]	True - [2, 2, 2, 2, 2, 2, 2, 2] - [2, 2, 2, 2, 2, 2, 2, 2]
[3, 204, 153, 80] - [3, 204, 170, 65]	True - [2, 2, 6, 6] - [2, 2, 6, 6]
[3, 204, 54, 17] - [3, 204, 57, 17]	True - [2, 2, 2, 2, 4, 4] - [2, 2, 2, 2, 4, 4]
[3, 204, 54, 68] - [3, 204, 54, 68]	True - [2, 2, 2, 2, 2, 2, 2, 2] - [2, 2, 2, 2, 2, 2, 2, 2]
[3, 204, 57, 17] - [3, 204, 54, 17]	True - [2, 2, 2, 2, 4, 4] - [2, 2, 2, 2, 4, 4]
[3, 204, 57, 68] - [3, 204, 57, 68]	True - [2, 2, 2, 2, 2, 2, 2, 2] - [2, 2, 2, 2, 2, 2, 2, 2]
[3, 204, 99, 17] - [3, 204, 147, 17]	True - [2, 2, 2, 2, 4, 4] - [2, 2, 2, 2, 4, 4]
[3, 204, 99, 68] - [3, 204, 99, 68]	True - [2, 2, 2, 2, 2, 2, 2, 2] - [2, 2, 2, 2, 2, 2, 2, 2]
[3, 204, 108, 17] - [3, 204, 156, 17]	True - [2, 2, 2, 2, 4, 4] - [2, 2, 2, 2, 4, 4]
[3, 204, 108, 68] - [3, 204, 108, 68]	True - [2, 2, 2, 2, 2, 2, 2, 2] - [2, 2, 2, 2, 2, 2, 2, 2]
[3, 204, 147, 17] - [3, 204, 99, 17]	True - [2, 2, 2, 2, 4, 4] - [2, 2, 2, 2, 4, 4]
[3, 204, 147, 68] - [3, 204, 147, 68]	True - [2, 2, 2, 2, 2, 2, 2, 2] - [2, 2, 2, 2, 2, 2, 2, 2]
[3, 204, 156, 17] - [3, 204, 108, 17]	True - [2, 2, 2, 2, 4, 4] - [2, 2, 2, 2, 4, 4]
[3, 204, 156, 68] - [3, 204, 156, 68]	True - [2, 2, 2, 2, 2, 2, 2, 2] - [2, 2, 2, 2, 2, 2, 2, 2]
[3, 204, 198, 17] - [3, 204, 201, 17]	True - [2, 2, 2, 2, 4, 4] - [2, 2, 2, 2, 4, 4]
[3, 204, 198, 68] - [3, 204, 198, 68]	True - [2, 2, 2, 2, 2, 2, 2, 2] - [2, 2, 2, 2, 2, 2, 2, 2]
[3, 204, 201, 17] - [3, 204, 198, 17]	True - [2, 2, 2, 2, 4, 4] - [2, 2, 2, 2, 4, 4]
[3, 204, 201, 68] - [3, 204, 201, 68]	True - [2, 2, 2, 2, 2, 2, 2, 2] - [2, 2, 2, 2, 2, 2, 2, 2]
[3, 60, 51, 17] - [3, 195, 51, 17]	True - [4, 4, 4, 4] - [4, 4, 4, 4]
[3, 60, 51, 20] - [3, 195, 51, 65]	True - [4, 4, 4, 4] - [4, 4, 4, 4]
[3, 60, 51, 65] - [3, 195, 51, 20]	True - [4, 4, 4, 4] - [4, 4, 4, 4]
[3, 60, 51, 68] - [3, 195, 51, 68]	True - [4, 4, 4, 4] - [4, 4, 4, 4]
[3, 60, 204, 17] - [3, 195, 204, 17]	True - [4, 4, 4, 4] - [4, 4, 4, 4]
[3, 60, 204, 20] - [3, 195, 204, 20]	True - [4, 4, 4, 4] - [4, 4, 4, 4]
[3, 60, 204, 65] - [3, 195, 204, 65]	True - [4, 4, 4, 4] - [4, 4, 4, 4]
[3, 60, 204, 68] - [3, 195, 204, 68]	True - [4, 4, 4, 4] - [4, 4, 4, 4]
[3, 60, 85, 5] - [3, 195, 85, 5]	True - [4, 4, 4, 4] - [4, 4, 4, 4]
[3, 60, 85, 20] - [3, 195, 153, 5]	True - [4, 12] - [4, 12]
[3, 60, 85, 65] - [3, 195, 102, 5]	True - [4, 12] - [4, 12]
[3, 60, 85, 80] - [3, 195, 170, 5]	True - [4, 4, 4, 4] - [4, 4, 4, 4]
[3, 60, 170, 5] - [3, 195, 85, 80]	True - [4, 4, 4, 4] - [4, 4, 4, 4]
[3, 60, 170, 20] - [3, 195, 102, 80]	True - [4, 12] - [4, 12]
[3, 60, 170, 65] - [3, 195, 153, 80]	True - [4, 12] - [4, 12]
[3, 60, 170, 80] - [3, 195, 170, 80]	True - [4, 4, 4, 4] - [4, 4, 4, 4]
[3, 60, 102, 5] - [3, 195, 85, 65]	True - [4, 12] - [4, 12]
[3, 60, 102, 17] - [3, 195, 153, 17]	True - [4, 4, 4, 4] - [4, 4, 4, 4]
[3, 60, 102, 68] - [3, 195, 102, 68]	True - [4, 4, 4, 4] - [4, 4, 4, 4]
[3, 60, 102, 80] - [3, 195, 170, 20]	True - [4, 12] - [4, 12]
[3, 60, 153, 5] - [3, 195, 85, 20]	True - [4, 12] - [4, 12]
[3, 60, 153, 17] - [3, 195, 102, 17]	True - [4, 4, 4, 4] - [4, 4, 4, 4]
[3, 60, 153, 68] - [3, 195, 153, 68]	True - [4, 4, 4, 4] - [4, 4, 4, 4]
[3, 60, 153, 80] - [3, 195, 170, 65]	True - [4, 12] - [4, 12]
[3, 195, 51, 17] - [3, 60, 51, 17]	True - [4, 4, 4, 4] - [4, 4, 4, 4]
[3, 195, 51, 20] - [3, 60, 51, 65]	True - [4, 4, 4, 4] - [4, 4, 4, 4]
[3, 195, 51, 65] - [3, 60, 51, 20]	True - [4, 4, 4, 4] - [4, 4, 4, 4]
[3, 195, 51, 68] - [3, 60, 51, 68]	True - [4, 4, 4, 4] - [4, 4, 4, 4]
[3, 195, 204, 17] - [3, 60, 204, 17]	True - [4, 4, 4, 4] - [4, 4, 4, 4]
[3, 195, 204, 20] - [3, 60, 204, 20]	True - [4, 4, 4, 4] - [4, 4, 4, 4]
[3, 195, 204, 65] - [3, 60, 204, 65]	True - [4, 4, 4, 4] - [4, 4, 4, 4]
[3, 195, 204, 68] - [3, 60, 204, 68]	True - [4, 4, 4, 4] - [4, 4, 4, 4]
[3, 195, 85, 5] - [3, 60, 85, 5]	True - [4, 4, 4, 4] - [4, 4, 4, 4]
[3, 195, 85, 20] - [3, 60, 153, 5]	True - [4, 12] - [4, 12]
[3, 195, 85, 65] - [3, 60, 102, 5]	True - [4, 12] - [4, 12]
[3, 195, 85, 80] - [3, 60, 170, 5]	True - [4, 4, 4, 4] - [4, 4, 4, 4]
[3, 195, 170, 5] - [3, 60, 85, 80]	True - [4, 4, 4, 4] - [4, 4, 4, 4]
[3, 195, 170, 20] - [3, 60, 102, 80]	True - [4, 12] - [4, 12]
[3, 195, 170, 65] - [3, 60, 153, 80]	True - [4, 12] - [4, 12]
[3, 195, 170, 80] - [3, 60, 170, 80]	True - [4, 4, 4, 4] - [4, 4, 4, 4]
[3, 195, 102, 5] - [3, 60, 85, 65]	True - [4, 12] - [4, 12]
[3, 195, 102, 17] - [3, 60, 153, 17]	True - [4, 4, 4, 4] - [4, 4, 4, 4]
[3, 195, 102, 68] - [3, 60, 102, 68]	True - [4, 4, 4, 4] - [4, 4, 4, 4]
[3, 195, 102, 80] - [3, 60, 170, 20]	True - [4, 12] - [4, 12]
[3, 195, 153, 5] - [3, 60, 85, 20]	True - [4, 12] - [4, 12]
[3, 195, 153, 17] - [3, 60, 102, 17]	True - [4, 4, 4, 4] - [4, 4, 4, 4]
[3, 195, 153, 68] - [3, 60, 153, 68]	True - [4, 4, 4, 4] - [4, 4, 4, 4]
[3, 195, 153, 80] - [3, 60, 170, 65]	True - [4, 12] - [4, 12]
[3, 85, 15, 17] - [3, 85, 15, 17]	True - [2, 2, 2, 2, 2, 2, 2, 2] - [2, 2, 2, 2, 2, 2, 2, 2]
[3, 85, 15, 68] - [3, 85, 15, 68]	True - [2, 2, 2, 2, 2, 2, 2, 2] - [2, 2, 2, 2, 2, 2, 2, 2]
[3, 85, 60, 17] - [3, 153, 15, 17]	True - [2, 2, 6, 6] - [2, 2, 6, 6]
[3, 85, 60, 68] - [3, 153, 15, 68]	True - [2, 2, 6, 6] - [2, 2, 6, 6]
[3, 85, 195, 17] - [3, 102, 15, 17]	True - [2, 2, 6, 6] - [2, 2, 6, 6]
[3, 85, 195, 68] - [3, 102, 15, 68]	True - [2, 2, 6, 6] - [2, 2, 6, 6]
[3, 85, 240, 17] - [3, 170, 15, 17]	True - [4, 4, 4, 4] - [4, 4, 4, 4]
[3, 85, 240, 68] - [3, 170, 15, 68]	True - [4, 4, 4, 4] - [4, 4, 4, 4]
[3, 170, 15, 17] - [3, 85, 240, 17]	True - [4, 4, 4, 4] - [4, 4, 4, 4]
[3, 170, 15, 68] - [3, 85, 240, 68]	True - [4, 4, 4, 4] - [4, 4, 4, 4]
[3, 170, 60, 17] - [3, 102, 240, 17]	True - [2, 2, 6, 6] - [2, 2, 6, 6]
[3, 170, 60, 68] - [3, 102, 240, 68]	True - [2, 2, 6, 6] - [2, 2, 6, 6]
[3, 170, 195, 17] - [3, 153, 240, 17]	True - [2, 2, 6, 6] - [2, 2, 6, 6]
[3, 170, 195, 68] - [3, 153, 240, 68]	True - [2, 2, 6, 6] - [2, 2, 6, 6]
[3, 170, 240, 17] - [3, 170, 240, 17]	True - [2, 2, 2, 2, 2, 2, 2, 2] - [2, 2, 2, 2, 2, 2, 2, 2]
[3, 170, 240, 68] - [3, 170, 240, 68]	True - [2, 2, 2, 2, 2, 2, 2, 2] - [2, 2, 2, 2, 2, 2, 2, 2]
[3, 102, 51, 17] - [3, 153, 51, 17]	True - [4, 4, 4, 4] - [4, 4, 4, 4]
[3, 102, 51, 20] - [3, 153, 51, 65]	True - [4, 4, 4, 4] - [4, 4, 4, 4]
[3, 102, 51, 65] - [3, 153, 51, 20]	True - [4, 4, 4, 4] - [4, 4, 4, 4]
[3, 102, 51, 68] - [3, 153, 51, 68]	True - [4, 4, 4, 4] - [4, 4, 4, 4]
[3, 102, 204, 17] - [3, 102, 204, 17]	True - [2, 2, 2, 2, 2, 2, 2, 2] - [2, 2, 2, 2, 2, 2, 2, 2]
[3, 102, 204, 20] - [3, 102, 204, 20]	True - [2, 2, 2, 2, 2, 2, 2, 2] - [2, 2, 2, 2, 2, 2, 2, 2]
[3, 102, 204, 65] - [3, 102, 204, 65]	True - [2, 2, 2, 2, 2, 2, 2, 2] - [2, 2, 2, 2, 2, 2, 2, 2]
[3, 102, 204, 68] - [3, 102, 204, 68]	True - [2, 2, 2, 2, 2, 2, 2, 2] - [2, 2, 2, 2, 2, 2, 2, 2]
[3, 102, 15, 17] - [3, 85, 195, 17]	True - [2, 2, 6, 6] - [2, 2, 6, 6]
[3, 102, 15, 68] - [3, 85, 195, 68]	True - [2, 2, 6, 6] - [2, 2, 6, 6]
[3, 102, 240, 17] - [3, 170, 60, 17]	True - [2, 2, 6, 6] - [2, 2, 6, 6]
[3, 102, 240, 68] - [3, 170, 60, 68]	True - [2, 2, 6, 6] - [2, 2, 6, 6]
[3, 105, 51, 17] - [3, 105, 51, 17]	True - [2, 2, 2, 2, 2, 2, 2, 2] - [2, 2, 2, 2, 2, 2, 2, 2]
[3, 105, 51, 20] - [3, 105, 51, 65]	True - [4, 4, 4, 4] - [4, 4, 4, 4]
[3, 105, 51, 65] - [3, 105, 51, 20]	True - [4, 4, 4, 4] - [4, 4, 4, 4]
[3, 105, 51, 68] - [3, 105, 51, 68]	True - [2, 2, 2, 2, 2, 2, 2, 2] - [2, 2, 2, 2, 2, 2, 2, 2]
[3, 105, 204, 17] - [3, 150, 204, 17]	True - [4, 4, 4, 4] - [4, 4, 4, 4]
[3, 105, 204, 20] - [3, 150, 204, 20]	True - [4, 4, 4, 4] - [4, 4, 4, 4]
[3, 105, 204, 65] - [3, 150, 204, 65]	True - [4, 4, 4, 4] - [4, 4, 4, 4]
[3, 105, 204, 68] - [3, 150, 204, 68]	True - [4, 4, 4, 4] - [4, 4, 4, 4]
[3, 150, 51, 17] - [3, 150, 51, 17]	True - [2, 2, 2, 2, 2, 2, 2, 2] - [2, 2, 2, 2, 2, 2, 2, 2]
[3, 150, 51, 20] - [3, 150, 51, 65]	True - [4, 4, 4, 4] - [4, 4, 4, 4]
[3, 150, 51, 65] - [3, 150, 51, 20]	True - [4, 4, 4, 4] - [4, 4, 4, 4]
[3, 150, 51, 68] - [3, 150, 51, 68]	True - [2, 2, 2, 2, 2, 2, 2, 2] - [2, 2, 2, 2, 2, 2, 2, 2]
[3, 150, 204, 17] - [3, 105, 204, 17]	True - [4, 4, 4, 4] - [4, 4, 4, 4]
[3, 150, 204, 20] - [3, 105, 204, 20]	True - [4, 4, 4, 4] - [4, 4, 4, 4]
[3, 150, 204, 65] - [3, 105, 204, 65]	True - [4, 4, 4, 4] - [4, 4, 4, 4]
[3, 150, 204, 68] - [3, 105, 204, 68]	True - [4, 4, 4, 4] - [4, 4, 4, 4]
[3, 153, 51, 17] - [3, 102, 51, 17]	True - [4, 4, 4, 4] - [4, 4, 4, 4]
[3, 153, 51, 20] - [3, 102, 51, 65]	True - [4, 4, 4, 4] - [4, 4, 4, 4]
[3, 153, 51, 65] - [3, 102, 51, 20]	True - [4, 4, 4, 4] - [4, 4, 4, 4]
[3, 153, 51, 68] - [3, 102, 51, 68]	True - [4, 4, 4, 4] - [4, 4, 4, 4]
[3, 153, 204, 17] - [3, 153, 204, 17]	True - [2, 2, 2, 2, 2, 2, 2, 2] - [2, 2, 2, 2, 2, 2, 2, 2]
[3, 153, 204, 20] - [3, 153, 204, 20]	True - [2, 2, 2, 2, 2, 2, 2, 2] - [2, 2, 2, 2, 2, 2, 2, 2]
[3, 153, 204, 65] - [3, 153, 204, 65]	True - [2, 2, 2, 2, 2, 2, 2, 2] - [2, 2, 2, 2, 2, 2, 2, 2]
[3, 153, 204, 68] - [3, 153, 204, 68]	True - [2, 2, 2, 2, 2, 2, 2, 2] - [2, 2, 2, 2, 2, 2, 2, 2]
[3, 153, 15, 17] - [3, 85, 60, 17]	True - [2, 2, 6, 6] - [2, 2, 6, 6]
[3, 153, 15, 68] - [3, 85, 60, 68]	True - [2, 2, 6, 6] - [2, 2, 6, 6]
[3, 153, 240, 17] - [3, 170, 195, 17]	True - [2, 2, 6, 6] - [2, 2, 6, 6]
[3, 153, 240, 68] - [3, 170, 195, 68]	True - [2, 2, 6, 6] - [2, 2, 6, 6]
[3, 54, 51, 17] - [3, 147, 51, 17]	True - [2, 2, 2, 2, 4, 4] - [2, 2, 2, 2, 4, 4]
[3, 54, 51, 20] - [3, 147, 51, 65]	True - [4, 4, 4, 4] - [4, 4, 4, 4]
[3, 54, 51, 65] - [3, 147, 51, 20]	True - [4, 4, 4, 4] - [4, 4, 4, 4]
[3, 54, 51, 68] - [3, 147, 51, 68]	True - [2, 2, 2, 2, 4, 4] - [2, 2, 2, 2, 4, 4]
[3, 54, 204, 17] - [3, 99, 204, 17]	True - [2, 2, 2, 2, 4, 4] - [2, 2, 2, 2, 4, 4]
[3, 54, 204, 20] - [3, 99, 204, 20]	True - [2, 2, 2, 2, 4, 4] - [2, 2, 2, 2, 4, 4]
[3, 54, 204, 65] - [3, 99, 204, 65]	True - [2, 2, 2, 2, 4, 4] - [2, 2, 2, 2, 4, 4]
[3, 54, 204, 68] - [3, 99, 204, 68]	True - [2, 2, 2, 2, 4, 4] - [2, 2, 2, 2, 4, 4]
[3, 57, 51, 17] - [3, 99, 51, 17]	True - [2, 2, 2, 2, 4, 4] - [2, 2, 2, 2, 4, 4]
[3, 57, 51, 20] - [3, 99, 51, 65]	True - [4, 4, 4, 4] - [4, 4, 4, 4]
[3, 57, 51, 65] - [3, 99, 51, 20]	True - [4, 4, 4, 4] - [4, 4, 4, 4]
[3, 57, 51, 68] - [3, 99, 51, 68]	True - [2, 2, 2, 2, 4, 4] - [2, 2, 2, 2, 4, 4]
[3, 57, 204, 17] - [3, 147, 204, 17]	True - [2, 2, 2, 2, 4, 4] - [2, 2, 2, 2, 4, 4]
[3, 57, 204, 20] - [3, 147, 204, 20]	True - [2, 2, 2, 2, 4, 4] - [2, 2, 2, 2, 4, 4]
[3, 57, 204, 65] - [3, 147, 204, 65]	True - [2, 2, 2, 2, 4, 4] - [2, 2, 2, 2, 4, 4]
[3, 57, 204, 68] - [3, 147, 204, 68]	True - [2, 2, 2, 2, 4, 4] - [2, 2, 2, 2, 4, 4]
[3, 99, 51, 17] - [3, 57, 51, 17]	True - [2, 2, 2, 2, 4, 4] - [2, 2, 2, 2, 4, 4]
[3, 99, 51, 20] - [3, 57, 51, 65]	True - [4, 4, 4, 4] - [4, 4, 4, 4]
[3, 99, 51, 65] - [3, 57, 51, 20]	True - [4, 4, 4, 4] - [4, 4, 4, 4]
[3, 99, 51, 68] - [3, 57, 51, 68]	True - [2, 2, 2, 2, 4, 4] - [2, 2, 2, 2, 4, 4]
[3, 99, 204, 17] - [3, 54, 204, 17]	True - [2, 2, 2, 2, 4, 4] - [2, 2, 2, 2, 4, 4]
[3, 99, 204, 20] - [3, 54, 204, 20]	True - [2, 2, 2, 2, 4, 4] - [2, 2, 2, 2, 4, 4]
[3, 99, 204, 65] - [3, 54, 204, 65]	True - [2, 2, 2, 2, 4, 4] - [2, 2, 2, 2, 4, 4]
[3, 99, 204, 68] - [3, 54, 204, 68]	True - [2, 2, 2, 2, 4, 4] - [2, 2, 2, 2, 4, 4]
[3, 108, 51, 17] - [3, 201, 51, 17]	True - [2, 2, 2, 2, 4, 4] - [2, 2, 2, 2, 4, 4]
[3, 108, 51, 20] - [3, 201, 51, 65]	True - [4, 4, 4, 4] - [4, 4, 4, 4]
[3, 108, 51, 65] - [3, 201, 51, 20]	True - [4, 4, 4, 4] - [4, 4, 4, 4]
[3, 108, 51, 68] - [3, 201, 51, 68]	True - [2, 2, 2, 2, 4, 4] - [2, 2, 2, 2, 4, 4]
[3, 108, 204, 17] - [3, 198, 204, 17]	True - [2, 2, 2, 2, 4, 4] - [2, 2, 2, 2, 4, 4]
[3, 108, 204, 20] - [3, 198, 204, 20]	True - [2, 2, 2, 2, 4, 4] - [2, 2, 2, 2, 4, 4]
[3, 108, 204, 65] - [3, 198, 204, 65]	True - [2, 2, 2, 2, 4, 4] - [2, 2, 2, 2, 4, 4]
[3, 108, 204, 68] - [3, 198, 204, 68]	True - [2, 2, 2, 2, 4, 4] - [2, 2, 2, 2, 4, 4]
[3, 147, 51, 17] - [3, 54, 51, 17]	True - [2, 2, 2, 2, 4, 4] - [2, 2, 2, 2, 4, 4]
[3, 147, 51, 20] - [3, 54, 51, 65]	True - [4, 4, 4, 4] - [4, 4, 4, 4]
[3, 147, 51, 65] - [3, 54, 51, 20]	True - [4, 4, 4, 4] - [4, 4, 4, 4]
[3, 147, 51, 68] - [3, 54, 51, 68]	True - [2, 2, 2, 2, 4, 4] - [2, 2, 2, 2, 4, 4]
[3, 147, 204, 17] - [3, 57, 204, 17]	True - [2, 2, 2, 2, 4, 4] - [2, 2, 2, 2, 4, 4]
[3, 147, 204, 20] - [3, 57, 204, 20]	True - [2, 2, 2, 2, 4, 4] - [2, 2, 2, 2, 4, 4]
[3, 147, 204, 65] - [3, 57, 204, 65]	True - [2, 2, 2, 2, 4, 4] - [2, 2, 2, 2, 4, 4]
[3, 147, 204, 68] - [3, 57, 204, 68]	True - [2, 2, 2, 2, 4, 4] - [2, 2, 2, 2, 4, 4]
[3, 156, 51, 17] - [3, 198, 51, 17]	True - [2, 2, 2, 2, 4, 4] - [2, 2, 2, 2, 4, 4]
[3, 156, 51, 20] - [3, 198, 51, 65]	True - [4, 4, 4, 4] - [4, 4, 4, 4]
[3, 156, 51, 65] - [3, 198, 51, 20]	True - [4, 4, 4, 4] - [4, 4, 4, 4]
[3, 156, 51, 68] - [3, 198, 51, 68]	True - [2, 2, 2, 2, 4, 4] - [2, 2, 2, 2, 4, 4]
[3, 156, 204, 17] - [3, 201, 204, 17]	True - [2, 2, 2, 2, 4, 4] - [2, 2, 2, 2, 4, 4]
[3, 156, 204, 20] - [3, 201, 204, 20]	True - [2, 2, 2, 2, 4, 4] - [2, 2, 2, 2, 4, 4]
[3, 156, 204, 65] - [3, 201, 204, 65]	True - [2, 2, 2, 2, 4, 4] - [2, 2, 2, 2, 4, 4]
[3, 156, 204, 68] - [3, 201, 204, 68]	True - [2, 2, 2, 2, 4, 4] - [2, 2, 2, 2, 4, 4]
[3, 198, 51, 17] - [3, 156, 51, 17]	True - [2, 2, 2, 2, 4, 4] - [2, 2, 2, 2, 4, 4]
[3, 198, 51, 20] - [3, 156, 51, 65]	True - [4, 4, 4, 4] - [4, 4, 4, 4]
[3, 198, 51, 65] - [3, 156, 51, 20]	True - [4, 4, 4, 4] - [4, 4, 4, 4]
[3, 198, 51, 68] - [3, 156, 51, 68]	True - [2, 2, 2, 2, 4, 4] - [2, 2, 2, 2, 4, 4]
[3, 198, 204, 17] - [3, 108, 204, 17]	True - [2, 2, 2, 2, 4, 4] - [2, 2, 2, 2, 4, 4]
[3, 198, 204, 20] - [3, 108, 204, 20]	True - [2, 2, 2, 2, 4, 4] - [2, 2, 2, 2, 4, 4]
[3, 198, 204, 65] - [3, 108, 204, 65]	True - [2, 2, 2, 2, 4, 4] - [2, 2, 2, 2, 4, 4]
[3, 198, 204, 68] - [3, 108, 204, 68]	True - [2, 2, 2, 2, 4, 4] - [2, 2, 2, 2, 4, 4]
[3, 201, 51, 17] - [3, 108, 51, 17]	True - [2, 2, 2, 2, 4, 4] - [2, 2, 2, 2, 4, 4]
[3, 201, 51, 20] - [3, 108, 51, 65]	True - [4, 4, 4, 4] - [4, 4, 4, 4]
[3, 201, 51, 65] - [3, 108, 51, 20]	True - [4, 4, 4, 4] - [4, 4, 4, 4]
[3, 201, 51, 68] - [3, 108, 51, 68]	True - [2, 2, 2, 2, 4, 4] - [2, 2, 2, 2, 4, 4]
[3, 201, 204, 17] - [3, 156, 204, 17]	True - [2, 2, 2, 2, 4, 4] - [2, 2, 2, 2, 4, 4]
[3, 201, 204, 20] - [3, 156, 204, 20]	True - [2, 2, 2, 2, 4, 4] - [2, 2, 2, 2, 4, 4]
[3, 201, 204, 65] - [3, 156, 204, 65]	True - [2, 2, 2, 2, 4, 4] - [2, 2, 2, 2, 4, 4]
[3, 201, 204, 68] - [3, 156, 204, 68]	True - [2, 2, 2, 2, 4, 4] - [2, 2, 2, 2, 4, 4]
[12, 51, 51, 17] - [12, 51, 51, 17]	True - [2, 2, 2, 2, 2, 2, 2, 2] - [2, 2, 2, 2, 2, 2, 2, 2]
[12, 51, 51, 20] - [12, 51, 51, 65]	True - [4, 4, 4, 4] - [4, 4, 4, 4]
[12, 51, 51, 65] - [12, 51, 51, 20]	True - [4, 4, 4, 4] - [4, 4, 4, 4]
[12, 51, 51, 68] - [12, 51, 51, 68]	True - [2, 2, 2, 2, 2, 2, 2, 2] - [2, 2, 2, 2, 2, 2, 2, 2]
[12, 51, 204, 17] - [12, 51, 204, 17]	True - [2, 2, 2, 2, 2, 2, 2, 2] - [2, 2, 2, 2, 2, 2, 2, 2]
[12, 51, 204, 20] - [12, 51, 204, 20]	True - [2, 2, 2, 2, 2, 2, 2, 2] - [2, 2, 2, 2, 2, 2, 2, 2]
[12, 51, 204, 65] - [12, 51, 204, 65]	True - [2, 2, 2, 2, 2, 2, 2, 2] - [2, 2, 2, 2, 2, 2, 2, 2]
[12, 51, 204, 68] - [12, 51, 204, 68]	True - [2, 2, 2, 2, 2, 2, 2, 2] - [2, 2, 2, 2, 2, 2, 2, 2]
[12, 51, 60, 17] - [12, 51, 195, 17]	True - [4, 4, 4, 4] - [4, 4, 4, 4]
[12, 51, 60, 68] - [12, 51, 195, 68]	True - [4, 4, 4, 4] - [4, 4, 4, 4]
[12, 51, 195, 17] - [12, 51, 60, 17]	True - [4, 4, 4, 4] - [4, 4, 4, 4]
[12, 51, 195, 68] - [12, 51, 60, 68]	True - [4, 4, 4, 4] - [4, 4, 4, 4]
[12, 51, 85, 5] - [12, 51, 85, 5]	True - [2, 2, 2, 2, 2, 2, 2, 2] - [2, 2, 2, 2, 2, 2, 2, 2]
[12, 51, 85, 20] - [12, 51, 153, 5]	True - [2, 2, 6, 6] - [2, 2, 6, 6]
[12, 51, 85, 65] - [12, 51, 102, 5]	True - [2, 2, 6, 6] - [2, 2, 6, 6]
[12, 51, 85, 80] - [12, 51, 170, 5]	True - [4, 4, 4, 4] - [4, 4, 4, 4]
[12, 51, 170, 5] - [12, 51, 85, 80]	True - [4, 4, 4, 4] - [4, 4, 4, 4]
[12, 51, 170, 20] - [12, 51, 102, 80]	True - [2, 2, 6, 6] - [2, 2, 6, 6]
[12, 51, 170, 65] - [12, 51, 153, 80]	True - [2, 2, 6, 6] - [2, 2, 6, 6]
[12, 51, 170, 80] - [12, 51, 170, 80]	True - [2, 2, 2, 2, 2, 2, 2, 2] - [2, 2, 2, 2, 2, 2, 2, 2]
[12, 51, 102, 5] - [12, 51, 85, 65]	True - [2, 2, 6, 6] - [2, 2, 6, 6]
[12, 51, 102, 17] - [12, 51, 153, 17]	True - [4, 4, 4, 4] - [4, 4, 4, 4]
[12, 51, 102, 68] - [12, 51, 102, 68]	True - [2, 2, 2, 2, 2, 2, 2, 2] - [2, 2, 2, 2, 2, 2, 2, 2]
[12, 51, 102, 80] - [12, 51, 170, 20]	True - [2, 2, 6, 6] - [2, 2, 6, 6]
[12, 51, 105, 17] - [12, 51, 105, 17]	True - [2, 2, 2, 2, 2, 2, 2, 2] - [2, 2, 2, 2, 2, 2, 2, 2]
[12, 51, 105, 68] - [12, 51, 150, 68]	True - [4, 4, 4, 4] - [4, 4, 4, 4]
[12, 51, 150, 17] - [12, 51, 150, 17]	True - [2, 2, 2, 2, 2, 2, 2, 2] - [2, 2, 2, 2, 2, 2, 2, 2]
[12, 51, 150, 68] - [12, 51, 105, 68]	True - [4, 4, 4, 4] - [4, 4, 4, 4]
[12, 51, 153, 5] - [12, 51, 85, 20]	True - [2, 2, 6, 6] - [2, 2, 6, 6]
[12, 51, 153, 17] - [12, 51, 102, 17]	True - [4, 4, 4, 4] - [4, 4, 4, 4]
[12, 51, 153, 68] - [12, 51, 153, 68]	True - [2, 2, 2, 2, 2, 2, 2, 2] - [2, 2, 2, 2, 2, 2, 2, 2]
[12, 51, 153, 80] - [12, 51, 170, 65]	True - [2, 2, 6, 6] - [2, 2, 6, 6]
[12, 51, 54, 17] - [12, 51, 147, 17]	True - [2, 2, 2, 2, 4, 4] - [2, 2, 2, 2, 4, 4]
[12, 51, 54, 68] - [12, 51, 99, 68]	True - [2, 2, 2, 2, 4, 4] - [2, 2, 2, 2, 4, 4]
[12, 51, 57, 17] - [12, 51, 99, 17]	True - [2, 2, 2, 2, 4, 4] - [2, 2, 2, 2, 4, 4]
[12, 51, 57, 68] - [12, 51, 147, 68]	True - [2, 2, 2, 2, 4, 4] - [2, 2, 2, 2, 4, 4]
[12, 51, 99, 17] - [12, 51, 57, 17]	True - [2, 2, 2, 2, 4, 4] - [2, 2, 2, 2, 4, 4]
[12, 51, 99, 68] - [12, 51, 54, 68]	True - [2, 2, 2, 2, 4, 4] - [2, 2, 2, 2, 4, 4]
[12, 51, 108, 17] - [12, 51, 201, 17]	True - [2, 2, 2, 2, 4, 4] - [2, 2, 2, 2, 4, 4]
[12, 51, 108, 68] - [12, 51, 198, 68]	True - [2, 2, 2, 2, 4, 4] - [2, 2, 2, 2, 4, 4]
[12, 51, 147, 17] - [12, 51, 54, 17]	True - [2, 2, 2, 2, 4, 4] - [2, 2, 2, 2, 4, 4]
[12, 51, 147, 68] - [12, 51, 57, 68]	True - [2, 2, 2, 2, 4, 4] - [2, 2, 2, 2, 4, 4]
[12, 51, 156, 17] - [12, 51, 198, 17]	True - [2, 2, 2, 2, 4, 4] - [2, 2, 2, 2, 4, 4]
[12, 51, 156, 68] - [12, 51, 201, 68]	True - [2, 2, 2, 2, 4, 4] - [2, 2, 2, 2, 4, 4]
[12, 51, 198, 17] - [12, 51, 156, 17]	True - [2, 2, 2, 2, 4, 4] - [2, 2, 2, 2, 4, 4]
[12, 51, 198, 68] - [12, 51, 108, 68]	True - [2, 2, 2, 2, 4, 4] - [2, 2, 2, 2, 4, 4]
[12, 51, 201, 17] - [12, 51, 108, 17]	True - [2, 2, 2, 2, 4, 4] - [2, 2, 2, 2, 4, 4]
[12, 51, 201, 68] - [12, 51, 156, 68]	True - [2, 2, 2, 2, 4, 4] - [2, 2, 2, 2, 4, 4]
[12, 204, 51, 17] - [12, 204, 51, 17]	True - [2, 2, 2, 2, 2, 2, 2, 2] - [2, 2, 2, 2, 2, 2, 2, 2]
[12, 204, 51, 20] - [12, 204, 51, 65]	True - [4, 4, 4, 4] - [4, 4, 4, 4]
[12, 204, 51, 65] - [12, 204, 51, 20]	True - [4, 4, 4, 4] - [4, 4, 4, 4]
[12, 204, 51, 68] - [12, 204, 51, 68]	True - [2, 2, 2, 2, 2, 2, 2, 2] - [2, 2, 2, 2, 2, 2, 2, 2]
[12, 204, 204, 17] - [12, 204, 204, 17]	True - [2, 2, 2, 2, 2, 2, 2, 2] - [2, 2, 2, 2, 2, 2, 2, 2]
[12, 204, 204, 20] - [12, 204, 204, 20]	True - [1, 1, 1, 1, 1, 1, 1, 1, 2, 2, 2, 2] - [1, 1, 1, 1, 1, 1, 1, 1, 2, 2, 2, 2]
[12, 204, 204, 65] - [12, 204, 204, 65]	True - [1, 1, 1, 1, 1, 1, 1, 1, 2, 2, 2, 2] - [1, 1, 1, 1, 1, 1, 1, 1, 2, 2, 2, 2]
[12, 204, 204, 68] - [12, 204, 204, 68]	True - [1, 1, 1, 1, 1, 1, 1, 1, 1, 1, 1, 1, 1, 1, 1, 1] - [1, 1, 1, 1, 1, 1, 1, 1, 1, 1, 1, 1, 1, 1, 1, 1]
[12, 204, 60, 17] - [12, 204, 60, 17]	True - [2, 2, 2, 2, 2, 2, 2, 2] - [2, 2, 2, 2, 2, 2, 2, 2]
[12, 204, 60, 68] - [12, 204, 60, 68]	True - [1, 1, 1, 1, 1, 1, 1, 1, 2, 2, 2, 2] - [1, 1, 1, 1, 1, 1, 1, 1, 2, 2, 2, 2]
[12, 204, 195, 17] - [12, 204, 195, 17]	True - [2, 2, 2, 2, 2, 2, 2, 2] - [2, 2, 2, 2, 2, 2, 2, 2]
[12, 204, 195, 68] - [12, 204, 195, 68]	True - [1, 1, 1, 1, 1, 1, 1, 1, 2, 2, 2, 2] - [1, 1, 1, 1, 1, 1, 1, 1, 2, 2, 2, 2]
[12, 204, 85, 5] - [12, 204, 85, 5]	True - [1, 1, 1, 1, 1, 1, 1, 1, 2, 2, 2, 2] - [1, 1, 1, 1, 1, 1, 1, 1, 2, 2, 2, 2]
[12, 204, 85, 20] - [12, 204, 153, 5]	True - [1, 1, 1, 1, 3, 3, 3, 3] - [1, 1, 1, 1, 3, 3, 3, 3]
[12, 204, 85, 65] - [12, 204, 102, 5]	True - [1, 1, 1, 1, 3, 3, 3, 3] - [1, 1, 1, 1, 3, 3, 3, 3]
[12, 204, 85, 80] - [12, 204, 170, 5]	True - [4, 4, 4, 4] - [4, 4, 4, 4]
[12, 204, 170, 5] - [12, 204, 85, 80]	True - [4, 4, 4, 4] - [4, 4, 4, 4]
[12, 204, 170, 20] - [12, 204, 102, 80]	True - [1, 1, 1, 1, 3, 3, 3, 3] - [1, 1, 1, 1, 3, 3, 3, 3]
[12, 204, 170, 65] - [12, 204, 153, 80]	True - [1, 1, 1, 1, 3, 3, 3, 3] - [1, 1, 1, 1, 3, 3, 3, 3]
[12, 204, 170, 80] - [12, 204, 170, 80]	True - [1, 1, 1, 1, 1, 1, 1, 1, 2, 2, 2, 2] - [1, 1, 1, 1, 1, 1, 1, 1, 2, 2, 2, 2]
[12, 204, 102, 5] - [12, 204, 85, 65]	True - [1, 1, 1, 1, 3, 3, 3, 3] - [1, 1, 1, 1, 3, 3, 3, 3]
[12, 204, 102, 17] - [12, 204, 153, 17]	True - [4, 4, 4, 4] - [4, 4, 4, 4]
[12, 204, 102, 68] - [12, 204, 102, 68]	True - [1, 1, 1, 1, 1, 1, 1, 1, 2, 2, 2, 2] - [1, 1, 1, 1, 1, 1, 1, 1, 2, 2, 2, 2]
[12, 204, 102, 80] - [12, 204, 170, 20]	True - [1, 1, 1, 1, 3, 3, 3, 3] - [1, 1, 1, 1, 3, 3, 3, 3]
[12, 204, 105, 17] - [12, 204, 150, 17]	True - [4, 4, 4, 4] - [4, 4, 4, 4]
[12, 204, 105, 68] - [12, 204, 105, 68]	True - [1, 1, 1, 1, 1, 1, 1, 1, 2, 2, 2, 2] - [1, 1, 1, 1, 1, 1, 1, 1, 2, 2, 2, 2]
[12, 204, 150, 17] - [12, 204, 105, 17]	True - [4, 4, 4, 4] - [4, 4, 4, 4]
[12, 204, 150, 68] - [12, 204, 150, 68]	True - [1, 1, 1, 1, 1, 1, 1, 1, 2, 2, 2, 2] - [1, 1, 1, 1, 1, 1, 1, 1, 2, 2, 2, 2]
[12, 204, 153, 5] - [12, 204, 85, 20]	True - [1, 1, 1, 1, 3, 3, 3, 3] - [1, 1, 1, 1, 3, 3, 3, 3]
[12, 204, 153, 17] - [12, 204, 102, 17]	True - [4, 4, 4, 4] - [4, 4, 4, 4]
[12, 204, 153, 68] - [12, 204, 153, 68]	True - [1, 1, 1, 1, 1, 1, 1, 1, 2, 2, 2, 2] - [1, 1, 1, 1, 1, 1, 1, 1, 2, 2, 2, 2]
[12, 204, 153, 80] - [12, 204, 170, 65]	True - [1, 1, 1, 1, 3, 3, 3, 3] - [1, 1, 1, 1, 3, 3, 3, 3]
[12, 204, 54, 17] - [12, 204, 57, 17]	True - [2, 2, 2, 2, 4, 4] - [2, 2, 2, 2, 4, 4]
[12, 204, 54, 68] - [12, 204, 54, 68]	True - [1, 1, 1, 1, 2, 2, 2, 2, 2, 2] - [1, 1, 1, 1, 2, 2, 2, 2, 2, 2]
[12, 204, 57, 17] - [12, 204, 54, 17]	True - [2, 2, 2, 2, 4, 4] - [2, 2, 2, 2, 4, 4]
[12, 204, 57, 68] - [12, 204, 57, 68]	True - [1, 1, 1, 1, 2, 2, 2, 2, 2, 2] - [1, 1, 1, 1, 2, 2, 2, 2, 2, 2]
[12, 204, 99, 17] - [12, 204, 147, 17]	True - [2, 2, 2, 2, 4, 4] - [2, 2, 2, 2, 4, 4]
[12, 204, 99, 68] - [12, 204, 99, 68]	True - [1, 1, 1, 1, 2, 2, 2, 2, 2, 2] - [1, 1, 1, 1, 2, 2, 2, 2, 2, 2]
[12, 204, 108, 17] - [12, 204, 156, 17]	True - [2, 2, 2, 2, 4, 4] - [2, 2, 2, 2, 4, 4]
[12, 204, 108, 68] - [12, 204, 108, 68]	True - [1, 1, 1, 1, 1, 1, 1, 1, 1, 1, 1, 1, 2, 2] - [1, 1, 1, 1, 1, 1, 1, 1, 1, 1, 1, 1, 2, 2]
[12, 204, 147, 17] - [12, 204, 99, 17]	True - [2, 2, 2, 2, 4, 4] - [2, 2, 2, 2, 4, 4]
[12, 204, 147, 68] - [12, 204, 147, 68]	True - [1, 1, 1, 1, 2, 2, 2, 2, 2, 2] - [1, 1, 1, 1, 2, 2, 2, 2, 2, 2]
[12, 204, 156, 17] - [12, 204, 108, 17]	True - [2, 2, 2, 2, 4, 4] - [2, 2, 2, 2, 4, 4]
[12, 204, 156, 68] - [12, 204, 156, 68]	True - [1, 1, 1, 1, 1, 1, 1, 1, 1, 1, 1, 1, 2, 2] - [1, 1, 1, 1, 1, 1, 1, 1, 1, 1, 1, 1, 2, 2]
[12, 204, 198, 17] - [12, 204, 201, 17]	True - [2, 2, 2, 2, 4, 4] - [2, 2, 2, 2, 4, 4]
[12, 204, 198, 68] - [12, 204, 198, 68]	True - [1, 1, 1, 1, 1, 1, 1, 1, 1, 1, 1, 1, 2, 2] - [1, 1, 1, 1, 1, 1, 1, 1, 1, 1, 1, 1, 2, 2]
[12, 204, 201, 17] - [12, 204, 198, 17]	True - [2, 2, 2, 2, 4, 4] - [2, 2, 2, 2, 4, 4]
[12, 204, 201, 68] - [12, 204, 201, 68]	True - [1, 1, 1, 1, 1, 1, 1, 1, 1, 1, 1, 1, 2, 2] - [1, 1, 1, 1, 1, 1, 1, 1, 1, 1, 1, 1, 2, 2]
[12, 60, 51, 17] - [12, 60, 51, 17]	True - [2, 2, 2, 2, 2, 2, 2, 2] - [2, 2, 2, 2, 2, 2, 2, 2]
[12, 60, 51, 20] - [12, 60, 51, 65]	True - [4, 4, 4, 4] - [4, 4, 4, 4]
[12, 60, 51, 65] - [12, 60, 51, 20]	True - [4, 4, 4, 4] - [4, 4, 4, 4]
[12, 60, 51, 68] - [12, 60, 51, 68]	True - [2, 2, 2, 2, 2, 2, 2, 2] - [2, 2, 2, 2, 2, 2, 2, 2]
[12, 60, 204, 17] - [12, 60, 204, 17]	True - [2, 2, 2, 2, 2, 2, 2, 2] - [2, 2, 2, 2, 2, 2, 2, 2]
[12, 60, 204, 20] - [12, 60, 204, 20]	True - [1, 1, 1, 1, 2, 2, 2, 2, 2, 2] - [1, 1, 1, 1, 2, 2, 2, 2, 2, 2]
[12, 60, 204, 65] - [12, 60, 204, 65]	True - [1, 1, 1, 1, 2, 2, 2, 2, 2, 2] - [1, 1, 1, 1, 2, 2, 2, 2, 2, 2]
[12, 60, 204, 68] - [12, 60, 204, 68]	True - [1, 1, 1, 1, 1, 1, 1, 1, 2, 2, 2, 2] - [1, 1, 1, 1, 1, 1, 1, 1, 2, 2, 2, 2]
[12, 60, 85, 5] - [12, 60, 85, 5]	True - [1, 1, 1, 1, 2, 2, 2, 2, 2, 2] - [1, 1, 1, 1, 2, 2, 2, 2, 2, 2]
[12, 60, 85, 20] - [12, 60, 153, 5]	True - [1, 1, 2, 3, 3, 6] - [1, 1, 2, 3, 3, 6]
[12, 60, 85, 65] - [12, 60, 102, 5]	True - [1, 1, 2, 3, 3, 6] - [1, 1, 2, 3, 3, 6]
[12, 60, 85, 80] - [12, 60, 170, 5]	True - [4, 4, 4, 4] - [4, 4, 4, 4]
[12, 60, 170, 5] - [12, 60, 85, 80]	True - [4, 4, 4, 4] - [4, 4, 4, 4]
[12, 60, 170, 20] - [12, 60, 102, 80]	True - [1, 1, 2, 3, 3, 6] - [1, 1, 2, 3, 3, 6]
[12, 60, 170, 65] - [12, 60, 153, 80]	True - [1, 1, 2, 3, 3, 6] - [1, 1, 2, 3, 3, 6]
[12, 60, 170, 80] - [12, 60, 170, 80]	True - [1, 1, 1, 1, 2, 2, 2, 2, 2, 2] - [1, 1, 1, 1, 2, 2, 2, 2, 2, 2]
[12, 60, 102, 5] - [12, 60, 85, 65]	True - [1, 1, 2, 3, 3, 6] - [1, 1, 2, 3, 3, 6]
[12, 60, 102, 17] - [12, 60, 153, 17]	True - [4, 4, 4, 4] - [4, 4, 4, 4]
[12, 60, 102, 68] - [12, 60, 102, 68]	True - [1, 1, 1, 1, 2, 2, 2, 2, 2, 2] - [1, 1, 1, 1, 2, 2, 2, 2, 2, 2]
[12, 60, 102, 80] - [12, 60, 170, 20]	True - [1, 1, 2, 3, 3, 6] - [1, 1, 2, 3, 3, 6]
[12, 60, 153, 5] - [12, 60, 85, 20]	True - [1, 1, 2, 3, 3, 6] - [1, 1, 2, 3, 3, 6]
[12, 60, 153, 17] - [12, 60, 102, 17]	True - [4, 4, 4, 4] - [4, 4, 4, 4]
[12, 60, 153, 68] - [12, 60, 153, 68]	True - [1, 1, 1, 1, 2, 2, 2, 2, 2, 2] - [1, 1, 1, 1, 2, 2, 2, 2, 2, 2]
[12, 60, 153, 80] - [12, 60, 170, 65]	True - [1, 1, 2, 3, 3, 6] - [1, 1, 2, 3, 3, 6]
[12, 195, 51, 17] - [12, 195, 51, 17]	True - [2, 2, 2, 2, 2, 2, 2, 2] - [2, 2, 2, 2, 2, 2, 2, 2]
[12, 195, 51, 20] - [12, 195, 51, 65]	True - [4, 4, 4, 4] - [4, 4, 4, 4]
[12, 195, 51, 65] - [12, 195, 51, 20]	True - [4, 4, 4, 4] - [4, 4, 4, 4]
[12, 195, 51, 68] - [12, 195, 51, 68]	True - [2, 2, 2, 2, 2, 2, 2, 2] - [2, 2, 2, 2, 2, 2, 2, 2]
[12, 195, 204, 17] - [12, 195, 204, 17]	True - [2, 2, 2, 2, 2, 2, 2, 2] - [2, 2, 2, 2, 2, 2, 2, 2]
[12, 195, 204, 20] - [12, 195, 204, 20]	True - [1, 1, 1, 1, 2, 2, 2, 2, 2, 2] - [1, 1, 1, 1, 2, 2, 2, 2, 2, 2]
[12, 195, 204, 65] - [12, 195, 204, 65]	True - [1, 1, 1, 1, 2, 2, 2, 2, 2, 2] - [1, 1, 1, 1, 2, 2, 2, 2, 2, 2]
[12, 195, 204, 68] - [12, 195, 204, 68]	True - [1, 1, 1, 1, 1, 1, 1, 1, 2, 2, 2, 2] - [1, 1, 1, 1, 1, 1, 1, 1, 2, 2, 2, 2]
[12, 195, 85, 5] - [12, 195, 85, 5]	True - [1, 1, 1, 1, 2, 2, 2, 2, 2, 2] - [1, 1, 1, 1, 2, 2, 2, 2, 2, 2]
[12, 195, 85, 20] - [12, 195, 153, 5]	True - [1, 1, 2, 3, 3, 6] - [1, 1, 2, 3, 3, 6]
[12, 195, 85, 65] - [12, 195, 102, 5]	True - [1, 1, 2, 3, 3, 6] - [1, 1, 2, 3, 3, 6]
[12, 195, 85, 80] - [12, 195, 170, 5]	True - [4, 4, 4, 4] - [4, 4, 4, 4]
[12, 195, 170, 5] - [12, 195, 85, 80]	True - [4, 4, 4, 4] - [4, 4, 4, 4]
[12, 195, 170, 20] - [12, 195, 102, 80]	True - [1, 1, 2, 3, 3, 6] - [1, 1, 2, 3, 3, 6]
[12, 195, 170, 65] - [12, 195, 153, 80]	True - [1, 1, 2, 3, 3, 6] - [1, 1, 2, 3, 3, 6]
[12, 195, 170, 80] - [12, 195, 170, 80]	True - [1, 1, 1, 1, 2, 2, 2, 2, 2, 2] - [1, 1, 1, 1, 2, 2, 2, 2, 2, 2]
[12, 195, 102, 5] - [12, 195, 85, 65]	True - [1, 1, 2, 3, 3, 6] - [1, 1, 2, 3, 3, 6]
[12, 195, 102, 17] - [12, 195, 153, 17]	True - [4, 4, 4, 4] - [4, 4, 4, 4]
[12, 195, 102, 68] - [12, 195, 102, 68]	True - [1, 1, 1, 1, 2, 2, 2, 2, 2, 2] - [1, 1, 1, 1, 2, 2, 2, 2, 2, 2]
[12, 195, 102, 80] - [12, 195, 170, 20]	True - [1, 1, 2, 3, 3, 6] - [1, 1, 2, 3, 3, 6]
[12, 195, 153, 5] - [12, 195, 85, 20]	True - [1, 1, 2, 3, 3, 6] - [1, 1, 2, 3, 3, 6]
[12, 195, 153, 17] - [12, 195, 102, 17]	True - [4, 4, 4, 4] - [4, 4, 4, 4]
[12, 195, 153, 68] - [12, 195, 153, 68]	True - [1, 1, 1, 1, 2, 2, 2, 2, 2, 2] - [1, 1, 1, 1, 2, 2, 2, 2, 2, 2]
[12, 195, 153, 80] - [12, 195, 170, 65]	True - [1, 1, 2, 3, 3, 6] - [1, 1, 2, 3, 3, 6]
[12, 85, 15, 17] - [12, 85, 15, 17]	True - [2, 2, 2, 2, 2, 2, 2, 2] - [2, 2, 2, 2, 2, 2, 2, 2]
[12, 85, 15, 68] - [12, 85, 15, 68]	True - [1, 1, 1, 1, 1, 1, 1, 1, 2, 2, 2, 2] - [1, 1, 1, 1, 1, 1, 1, 1, 2, 2, 2, 2]
[12, 85, 60, 17] - [12, 153, 15, 17]	True - [2, 2, 6, 6] - [2, 2, 6, 6]
[12, 85, 60, 68] - [12, 153, 15, 68]	True - [1, 1, 1, 1, 3, 3, 3, 3] - [1, 1, 1, 1, 3, 3, 3, 3]
[12, 85, 195, 17] - [12, 102, 15, 17]	True - [2, 2, 6, 6] - [2, 2, 6, 6]
[12, 85, 195, 68] - [12, 102, 15, 68]	True - [1, 1, 1, 1, 3, 3, 3, 3] - [1, 1, 1, 1, 3, 3, 3, 3]
[12, 85, 240, 17] - [12, 170, 15, 17]	True - [4, 4, 4, 4] - [4, 4, 4, 4]
[12, 85, 240, 68] - [12, 170, 15, 68]	True - [4, 4, 4, 4] - [4, 4, 4, 4]
[12, 170, 15, 17] - [12, 85, 240, 17]	True - [4, 4, 4, 4] - [4, 4, 4, 4]
[12, 170, 15, 68] - [12, 85, 240, 68]	True - [4, 4, 4, 4] - [4, 4, 4, 4]
[12, 170, 60, 17] - [12, 102, 240, 17]	True - [2, 2, 6, 6] - [2, 2, 6, 6]
[12, 170, 60, 68] - [12, 102, 240, 68]	True - [1, 1, 1, 1, 3, 3, 3, 3] - [1, 1, 1, 1, 3, 3, 3, 3]
[12, 170, 195, 17] - [12, 153, 240, 17]	True - [2, 2, 6, 6] - [2, 2, 6, 6]
[12, 170, 195, 68] - [12, 153, 240, 68]	True - [1, 1, 1, 1, 3, 3, 3, 3] - [1, 1, 1, 1, 3, 3, 3, 3]
[12, 170, 240, 17] - [12, 170, 240, 17]	True - [2, 2, 2, 2, 2, 2, 2, 2] - [2, 2, 2, 2, 2, 2, 2, 2]
[12, 170, 240, 68] - [12, 170, 240, 68]	True - [1, 1, 1, 1, 1, 1, 1, 1, 2, 2, 2, 2] - [1, 1, 1, 1, 1, 1, 1, 1, 2, 2, 2, 2]
[12, 102, 51, 17] - [12, 153, 51, 17]	True - [4, 4, 4, 4] - [4, 4, 4, 4]
[12, 102, 51, 20] - [12, 153, 51, 65]	True - [4, 4, 4, 4] - [4, 4, 4, 4]
[12, 102, 51, 65] - [12, 153, 51, 20]	True - [4, 4, 4, 4] - [4, 4, 4, 4]
[12, 102, 51, 68] - [12, 153, 51, 68]	True - [4, 4, 4, 4] - [4, 4, 4, 4]
[12, 102, 204, 17] - [12, 102, 204, 17]	True - [2, 2, 2, 2, 2, 2, 2, 2] - [2, 2, 2, 2, 2, 2, 2, 2]
[12, 102, 204, 20] - [12, 102, 204, 20]	True - [1, 1, 1, 1, 1, 1, 1, 1, 2, 2, 2, 2] - [1, 1, 1, 1, 1, 1, 1, 1, 2, 2, 2, 2]
[12, 102, 204, 65] - [12, 102, 204, 65]	True - [2, 2, 2, 2, 2, 2, 2, 2] - [2, 2, 2, 2, 2, 2, 2, 2]
[12, 102, 204, 68] - [12, 102, 204, 68]	True - [1, 1, 1, 1, 1, 1, 1, 1, 2, 2, 2, 2] - [1, 1, 1, 1, 1, 1, 1, 1, 2, 2, 2, 2]
[12, 102, 15, 17] - [12, 85, 195, 17]	True - [2, 2, 6, 6] - [2, 2, 6, 6]
[12, 102, 15, 68] - [12, 85, 195, 68]	True - [1, 1, 1, 1, 3, 3, 3, 3] - [1, 1, 1, 1, 3, 3, 3, 3]
[12, 102, 240, 17] - [12, 170, 60, 17]	True - [2, 2, 6, 6] - [2, 2, 6, 6]
[12, 102, 240, 68] - [12, 170, 60, 68]	True - [1, 1, 1, 1, 3, 3, 3, 3] - [1, 1, 1, 1, 3, 3, 3, 3]
[12, 105, 51, 17] - [12, 150, 51, 17]	True - [4, 4, 4, 4] - [4, 4, 4, 4]
[12, 105, 51, 20] - [12, 150, 51, 65]	True - [4, 4, 4, 4] - [4, 4, 4, 4]
[12, 105, 51, 65] - [12, 150, 51, 20]	True - [4, 4, 4, 4] - [4, 4, 4, 4]
[12, 105, 51, 68] - [12, 150, 51, 68]	True - [4, 4, 4, 4] - [4, 4, 4, 4]
[12, 105, 204, 17] - [12, 105, 204, 17]	True - [2, 2, 2, 2, 2, 2, 2, 2] - [2, 2, 2, 2, 2, 2, 2, 2]
[12, 105, 204, 20] - [12, 105, 204, 20]	True - [1, 1, 1, 1, 2, 2, 2, 2, 2, 2] - [1, 1, 1, 1, 2, 2, 2, 2, 2, 2]
[12, 105, 204, 65] - [12, 105, 204, 65]	True - [1, 1, 1, 1, 2, 2, 2, 2, 2, 2] - [1, 1, 1, 1, 2, 2, 2, 2, 2, 2]
[12, 105, 204, 68] - [12, 105, 204, 68]	True - [1, 1, 1, 1, 1, 1, 1, 1, 2, 2, 2, 2] - [1, 1, 1, 1, 1, 1, 1, 1, 2, 2, 2, 2]
[12, 150, 51, 17] - [12, 105, 51, 17]	True - [4, 4, 4, 4] - [4, 4, 4, 4]
[12, 150, 51, 20] - [12, 105, 51, 65]	True - [4, 4, 4, 4] - [4, 4, 4, 4]
[12, 150, 51, 65] - [12, 105, 51, 20]	True - [4, 4, 4, 4] - [4, 4, 4, 4]
[12, 150, 51, 68] - [12, 105, 51, 68]	True - [4, 4, 4, 4] - [4, 4, 4, 4]
[12, 150, 204, 17] - [12, 150, 204, 17]	True - [2, 2, 2, 2, 2, 2, 2, 2] - [2, 2, 2, 2, 2, 2, 2, 2]
[12, 150, 204, 20] - [12, 150, 204, 20]	True - [1, 1, 1, 1, 2, 2, 2, 2, 2, 2] - [1, 1, 1, 1, 2, 2, 2, 2, 2, 2]
[12, 150, 204, 65] - [12, 150, 204, 65]	True - [1, 1, 1, 1, 2, 2, 2, 2, 2, 2] - [1, 1, 1, 1, 2, 2, 2, 2, 2, 2]
[12, 150, 204, 68] - [12, 150, 204, 68]	True - [1, 1, 1, 1, 1, 1, 1, 1, 2, 2, 2, 2] - [1, 1, 1, 1, 1, 1, 1, 1, 2, 2, 2, 2]
[12, 153, 51, 17] - [12, 102, 51, 17]	True - [4, 4, 4, 4] - [4, 4, 4, 4]
[12, 153, 51, 20] - [12, 102, 51, 65]	True - [4, 4, 4, 4] - [4, 4, 4, 4]
[12, 153, 51, 65] - [12, 102, 51, 20]	True - [4, 4, 4, 4] - [4, 4, 4, 4]
[12, 153, 51, 68] - [12, 102, 51, 68]	True - [4, 4, 4, 4] - [4, 4, 4, 4]
[12, 153, 204, 17] - [12, 153, 204, 17]	True - [2, 2, 2, 2, 2, 2, 2, 2] - [2, 2, 2, 2, 2, 2, 2, 2]
[12, 153, 204, 20] - [12, 153, 204, 20]	True - [2, 2, 2, 2, 2, 2, 2, 2] - [2, 2, 2, 2, 2, 2, 2, 2]
[12, 153, 204, 65] - [12, 153, 204, 65]	True - [1, 1, 1, 1, 1, 1, 1, 1, 2, 2, 2, 2] - [1, 1, 1, 1, 1, 1, 1, 1, 2, 2, 2, 2]
[12, 153, 204, 68] - [12, 153, 204, 68]	True - [1, 1, 1, 1, 1, 1, 1, 1, 2, 2, 2, 2] - [1, 1, 1, 1, 1, 1, 1, 1, 2, 2, 2, 2]
[12, 153, 15, 17] - [12, 85, 60, 17]	True - [2, 2, 6, 6] - [2, 2, 6, 6]
[12, 153, 15, 68] - [12, 85, 60, 68]	True - [1, 1, 1, 1, 3, 3, 3, 3] - [1, 1, 1, 1, 3, 3, 3, 3]
[12, 153, 240, 17] - [12, 170, 195, 17]	True - [2, 2, 6, 6] - [2, 2, 6, 6]
[12, 153, 240, 68] - [12, 170, 195, 68]	True - [1, 1, 1, 1, 3, 3, 3, 3] - [1, 1, 1, 1, 3, 3, 3, 3]
[12, 54, 51, 17] - [12, 57, 51, 17]	True - [2, 2, 2, 2, 4, 4] - [2, 2, 2, 2, 4, 4]
[12, 54, 51, 20] - [12, 57, 51, 65]	True - [4, 4, 4, 4] - [4, 4, 4, 4]
[12, 54, 51, 65] - [12, 57, 51, 20]	True - [4, 4, 4, 4] - [4, 4, 4, 4]
[12, 54, 51, 68] - [12, 57, 51, 68]	True - [2, 2, 2, 2, 4, 4] - [2, 2, 2, 2, 4, 4]
[12, 54, 204, 17] - [12, 54, 204, 17]	True - [2, 2, 2, 2, 2, 2, 2, 2] - [2, 2, 2, 2, 2, 2, 2, 2]
[12, 54, 204, 20] - [12, 54, 204, 20]	True - [1, 1, 1, 1, 2, 2, 2, 2, 2, 2] - [1, 1, 1, 1, 2, 2, 2, 2, 2, 2]
[12, 54, 204, 65] - [12, 54, 204, 65]	True - [2, 2, 2, 2, 2, 2, 2, 2] - [2, 2, 2, 2, 2, 2, 2, 2]
[12, 54, 204, 68] - [12, 54, 204, 68]	True - [1, 1, 1, 1, 2, 2, 2, 2, 2, 2] - [1, 1, 1, 1, 2, 2, 2, 2, 2, 2]
[12, 57, 51, 17] - [12, 54, 51, 17]	True - [2, 2, 2, 2, 4, 4] - [2, 2, 2, 2, 4, 4]
[12, 57, 51, 20] - [12, 54, 51, 65]	True - [4, 4, 4, 4] - [4, 4, 4, 4]
[12, 57, 51, 65] - [12, 54, 51, 20]	True - [4, 4, 4, 4] - [4, 4, 4, 4]
[12, 57, 51, 68] - [12, 54, 51, 68]	True - [2, 2, 2, 2, 4, 4] - [2, 2, 2, 2, 4, 4]
[12, 57, 204, 17] - [12, 57, 204, 17]	True - [2, 2, 2, 2, 2, 2, 2, 2] - [2, 2, 2, 2, 2, 2, 2, 2]
[12, 57, 204, 20] - [12, 57, 204, 20]	True - [2, 2, 2, 2, 2, 2, 2, 2] - [2, 2, 2, 2, 2, 2, 2, 2]
[12, 57, 204, 65] - [12, 57, 204, 65]	True - [1, 1, 1, 1, 2, 2, 2, 2, 2, 2] - [1, 1, 1, 1, 2, 2, 2, 2, 2, 2]
[12, 57, 204, 68] - [12, 57, 204, 68]	True - [1, 1, 1, 1, 2, 2, 2, 2, 2, 2] - [1, 1, 1, 1, 2, 2, 2, 2, 2, 2]
[12, 99, 51, 17] - [12, 147, 51, 17]	True - [2, 2, 2, 2, 4, 4] - [2, 2, 2, 2, 4, 4]
[12, 99, 51, 20] - [12, 147, 51, 65]	True - [4, 4, 4, 4] - [4, 4, 4, 4]
[12, 99, 51, 65] - [12, 147, 51, 20]	True - [4, 4, 4, 4] - [4, 4, 4, 4]
[12, 99, 51, 68] - [12, 147, 51, 68]	True - [2, 2, 2, 2, 4, 4] - [2, 2, 2, 2, 4, 4]
[12, 99, 204, 17] - [12, 99, 204, 17]	True - [2, 2, 2, 2, 2, 2, 2, 2] - [2, 2, 2, 2, 2, 2, 2, 2]
[12, 99, 204, 20] - [12, 99, 204, 20]	True - [1, 1, 1, 1, 2, 2, 2, 2, 2, 2] - [1, 1, 1, 1, 2, 2, 2, 2, 2, 2]
[12, 99, 204, 65] - [12, 99, 204, 65]	True - [2, 2, 2, 2, 2, 2, 2, 2] - [2, 2, 2, 2, 2, 2, 2, 2]
[12, 99, 204, 68] - [12, 99, 204, 68]	True - [1, 1, 1, 1, 2, 2, 2, 2, 2, 2] - [1, 1, 1, 1, 2, 2, 2, 2, 2, 2]
[12, 108, 51, 17] - [12, 156, 51, 17]	True - [2, 2, 2, 2, 4, 4] - [2, 2, 2, 2, 4, 4]
[12, 108, 51, 20] - [12, 156, 51, 65]	True - [4, 4, 4, 4] - [4, 4, 4, 4]
[12, 108, 51, 65] - [12, 156, 51, 20]	True - [4, 4, 4, 4] - [4, 4, 4, 4]
[12, 108, 51, 68] - [12, 156, 51, 68]	True - [2, 2, 2, 2, 4, 4] - [2, 2, 2, 2, 4, 4]
[12, 108, 204, 17] - [12, 108, 204, 17]	True - [2, 2, 2, 2, 2, 2, 2, 2] - [2, 2, 2, 2, 2, 2, 2, 2]
[12, 108, 204, 20] - [12, 108, 204, 20]	True - [1, 1, 1, 1, 1, 1, 1, 1, 2, 2, 2, 2] - [1, 1, 1, 1, 1, 1, 1, 1, 2, 2, 2, 2]
[12, 108, 204, 65] - [12, 108, 204, 65]	True - [1, 1, 1, 1, 2, 2, 2, 2, 2, 2] - [1, 1, 1, 1, 2, 2, 2, 2, 2, 2]
[12, 108, 204, 68] - [12, 108, 204, 68]	True - [1, 1, 1, 1, 1, 1, 1, 1, 1, 1, 1, 1, 2, 2] - [1, 1, 1, 1, 1, 1, 1, 1, 1, 1, 1, 1, 2, 2]
[12, 147, 51, 17] - [12, 99, 51, 17]	True - [2, 2, 2, 2, 4, 4] - [2, 2, 2, 2, 4, 4]
[12, 147, 51, 20] - [12, 99, 51, 65]	True - [4, 4, 4, 4] - [4, 4, 4, 4]
[12, 147, 51, 65] - [12, 99, 51, 20]	True - [4, 4, 4, 4] - [4, 4, 4, 4]
[12, 147, 51, 68] - [12, 99, 51, 68]	True - [2, 2, 2, 2, 4, 4] - [2, 2, 2, 2, 4, 4]
[12, 147, 204, 17] - [12, 147, 204, 17]	True - [2, 2, 2, 2, 2, 2, 2, 2] - [2, 2, 2, 2, 2, 2, 2, 2]
[12, 147, 204, 20] - [12, 147, 204, 20]	True - [2, 2, 2, 2, 2, 2, 2, 2] - [2, 2, 2, 2, 2, 2, 2, 2]
[12, 147, 204, 65] - [12, 147, 204, 65]	True - [1, 1, 1, 1, 2, 2, 2, 2, 2, 2] - [1, 1, 1, 1, 2, 2, 2, 2, 2, 2]
[12, 147, 204, 68] - [12, 147, 204, 68]	True - [1, 1, 1, 1, 2, 2, 2, 2, 2, 2] - [1, 1, 1, 1, 2, 2, 2, 2, 2, 2]
[12, 156, 51, 17] - [12, 108, 51, 17]	True - [2, 2, 2, 2, 4, 4] - [2, 2, 2, 2, 4, 4]
[12, 156, 51, 20] - [12, 108, 51, 65]	True - [4, 4, 4, 4] - [4, 4, 4, 4]
[12, 156, 51, 65] - [12, 108, 51, 20]	True - [4, 4, 4, 4] - [4, 4, 4, 4]
[12, 156, 51, 68] - [12, 108, 51, 68]	True - [2, 2, 2, 2, 4, 4] - [2, 2, 2, 2, 4, 4]
[12, 156, 204, 17] - [12, 156, 204, 17]	True - [2, 2, 2, 2, 2, 2, 2, 2] - [2, 2, 2, 2, 2, 2, 2, 2]
[12, 156, 204, 20] - [12, 156, 204, 20]	True - [1, 1, 1, 1, 2, 2, 2, 2, 2, 2] - [1, 1, 1, 1, 2, 2, 2, 2, 2, 2]
[12, 156, 204, 65] - [12, 156, 204, 65]	True - [1, 1, 1, 1, 1, 1, 1, 1, 2, 2, 2, 2] - [1, 1, 1, 1, 1, 1, 1, 1, 2, 2, 2, 2]
[12, 156, 204, 68] - [12, 156, 204, 68]	True - [1, 1, 1, 1, 1, 1, 1, 1, 1, 1, 1, 1, 2, 2] - [1, 1, 1, 1, 1, 1, 1, 1, 1, 1, 1, 1, 2, 2]
[12, 198, 51, 17] - [12, 201, 51, 17]	True - [2, 2, 2, 2, 4, 4] - [2, 2, 2, 2, 4, 4]
[12, 198, 51, 20] - [12, 201, 51, 65]	True - [4, 4, 4, 4] - [4, 4, 4, 4]
[12, 198, 51, 65] - [12, 201, 51, 20]	True - [4, 4, 4, 4] - [4, 4, 4, 4]
[12, 198, 51, 68] - [12, 201, 51, 68]	True - [2, 2, 2, 2, 4, 4] - [2, 2, 2, 2, 4, 4]
[12, 198, 204, 17] - [12, 198, 204, 17]	True - [2, 2, 2, 2, 2, 2, 2, 2] - [2, 2, 2, 2, 2, 2, 2, 2]
[12, 198, 204, 20] - [12, 198, 204, 20]	True - [1, 1, 1, 1, 1, 1, 1, 1, 2, 2, 2, 2] - [1, 1, 1, 1, 1, 1, 1, 1, 2, 2, 2, 2]
[12, 198, 204, 65] - [12, 198, 204, 65]	True - [1, 1, 1, 1, 2, 2, 2, 2, 2, 2] - [1, 1, 1, 1, 2, 2, 2, 2, 2, 2]
[12, 198, 204, 68] - [12, 198, 204, 68]	True - [1, 1, 1, 1, 1, 1, 1, 1, 1, 1, 1, 1, 2, 2] - [1, 1, 1, 1, 1, 1, 1, 1, 1, 1, 1, 1, 2, 2]
[12, 201, 51, 17] - [12, 198, 51, 17]	True - [2, 2, 2, 2, 4, 4] - [2, 2, 2, 2, 4, 4]
[12, 201, 51, 20] - [12, 198, 51, 65]	True - [4, 4, 4, 4] - [4, 4, 4, 4]
[12, 201, 51, 65] - [12, 198, 51, 20]	True - [4, 4, 4, 4] - [4, 4, 4, 4]
[12, 201, 51, 68] - [12, 198, 51, 68]	True - [2, 2, 2, 2, 4, 4] - [2, 2, 2, 2, 4, 4]
[12, 201, 204, 17] - [12, 201, 204, 17]	True - [2, 2, 2, 2, 2, 2, 2, 2] - [2, 2, 2, 2, 2, 2, 2, 2]
[12, 201, 204, 20] - [12, 201, 204, 20]	True - [1, 1, 1, 1, 2, 2, 2, 2, 2, 2] - [1, 1, 1, 1, 2, 2, 2, 2, 2, 2]
[12, 201, 204, 65] - [12, 201, 204, 65]	True - [1, 1, 1, 1, 1, 1, 1, 1, 2, 2, 2, 2] - [1, 1, 1, 1, 1, 1, 1, 1, 2, 2, 2, 2]
[12, 201, 204, 68] - [12, 201, 204, 68]	True - [1, 1, 1, 1, 1, 1, 1, 1, 1, 1, 1, 1, 2, 2] - [1, 1, 1, 1, 1, 1, 1, 1, 1, 1, 1, 1, 2, 2]
[5, 15, 51, 17] - [5, 15, 51, 17]	True - [2, 2, 2, 2, 2, 2, 2, 2] - [2, 2, 2, 2, 2, 2, 2, 2]
[5, 15, 51, 20] - [5, 15, 51, 65]	True - [4, 4, 4, 4] - [4, 4, 4, 4]
[5, 15, 51, 65] - [5, 15, 51, 20]	True - [4, 4, 4, 4] - [4, 4, 4, 4]
[5, 15, 51, 68] - [5, 15, 51, 68]	True - [2, 2, 2, 2, 2, 2, 2, 2] - [2, 2, 2, 2, 2, 2, 2, 2]
[5, 15, 204, 17] - [5, 15, 204, 17]	True - [2, 2, 2, 2, 2, 2, 2, 2] - [2, 2, 2, 2, 2, 2, 2, 2]
[5, 15, 204, 20] - [5, 15, 204, 20]	True - [1, 1, 1, 1, 2, 2, 2, 2, 2, 2] - [1, 1, 1, 1, 2, 2, 2, 2, 2, 2]
[5, 15, 204, 65] - [5, 15, 204, 65]	True - [1, 1, 1, 1, 2, 2, 2, 2, 2, 2] - [1, 1, 1, 1, 2, 2, 2, 2, 2, 2]
[5, 15, 204, 68] - [5, 15, 204, 68]	True - [1, 1, 1, 1, 1, 1, 1, 1, 2, 2, 2, 2] - [1, 1, 1, 1, 1, 1, 1, 1, 2, 2, 2, 2]
[5, 15, 85, 5] - [5, 15, 85, 5]	True - [1, 1, 1, 1, 2, 2, 2, 2, 2, 2] - [1, 1, 1, 1, 2, 2, 2, 2, 2, 2]
[5, 15, 85, 20] - [5, 15, 153, 5]	True - [1, 1, 2, 3, 3, 6] - [1, 1, 2, 3, 3, 6]
[5, 15, 85, 65] - [5, 15, 102, 5]	True - [1, 1, 2, 3, 3, 6] - [1, 1, 2, 3, 3, 6]
[5, 15, 85, 80] - [5, 15, 170, 5]	True - [4, 4, 4, 4] - [4, 4, 4, 4]
[5, 15, 170, 5] - [5, 15, 85, 80]	True - [4, 4, 4, 4] - [4, 4, 4, 4]
[5, 15, 170, 20] - [5, 15, 102, 80]	True - [1, 1, 2, 3, 3, 6] - [1, 1, 2, 3, 3, 6]
[5, 15, 170, 65] - [5, 15, 153, 80]	True - [1, 1, 2, 3, 3, 6] - [1, 1, 2, 3, 3, 6]
[5, 15, 170, 80] - [5, 15, 170, 80]	True - [1, 1, 1, 1, 2, 2, 2, 2, 2, 2] - [1, 1, 1, 1, 2, 2, 2, 2, 2, 2]
[5, 15, 102, 5] - [5, 15, 85, 65]	True - [1, 1, 2, 3, 3, 6] - [1, 1, 2, 3, 3, 6]
[5, 15, 102, 17] - [5, 15, 153, 17]	True - [4, 4, 4, 4] - [4, 4, 4, 4]
[5, 15, 102, 68] - [5, 15, 102, 68]	True - [1, 1, 1, 1, 2, 2, 2, 2, 2, 2] - [1, 1, 1, 1, 2, 2, 2, 2, 2, 2]
[5, 15, 102, 80] - [5, 15, 170, 20]	True - [1, 1, 2, 3, 3, 6] - [1, 1, 2, 3, 3, 6]
[5, 15, 153, 5] - [5, 15, 85, 20]	True - [1, 1, 2, 3, 3, 6] - [1, 1, 2, 3, 3, 6]
[5, 15, 153, 17] - [5, 15, 102, 17]	True - [4, 4, 4, 4] - [4, 4, 4, 4]
[5, 15, 153, 68] - [5, 15, 153, 68]	True - [1, 1, 1, 1, 2, 2, 2, 2, 2, 2] - [1, 1, 1, 1, 2, 2, 2, 2, 2, 2]
[5, 15, 153, 80] - [5, 15, 170, 65]	True - [1, 1, 2, 3, 3, 6] - [1, 1, 2, 3, 3, 6]
[5, 60, 51, 17] - [9, 15, 51, 17]	True - [2, 2, 6, 6] - [2, 2, 6, 6]
[5, 60, 51, 20] - [9, 15, 51, 65]	True - [4, 12] - [4, 12]
[5, 60, 51, 65] - [9, 15, 51, 20]	True - [4, 12] - [4, 12]
[5, 60, 51, 68] - [9, 15, 51, 68]	True - [2, 2, 6, 6] - [2, 2, 6, 6]
[5, 60, 204, 17] - [9, 15, 204, 17]	True - [2, 2, 6, 6] - [2, 2, 6, 6]
[5, 60, 204, 20] - [9, 15, 204, 20]	True - [1, 1, 2, 3, 3, 6] - [1, 1, 2, 3, 3, 6]
[5, 60, 204, 65] - [9, 15, 204, 65]	True - [1, 1, 2, 3, 3, 6] - [1, 1, 2, 3, 3, 6]
[5, 60, 204, 68] - [9, 15, 204, 68]	True - [1, 1, 1, 1, 3, 3, 3, 3] - [1, 1, 1, 1, 3, 3, 3, 3]
[5, 60, 85, 5] - [9, 15, 85, 5]	True - [1, 1, 2, 3, 3, 6] - [1, 1, 2, 3, 3, 6]
[5, 60, 85, 20] - [9, 15, 153, 5]	True - [1, 3, 3, 3, 3, 3] - [1, 3, 3, 3, 3, 3]
[5, 60, 85, 65] - [9, 15, 102, 5]	True - [1, 3, 3, 3, 3, 3] - [1, 3, 3, 3, 3, 3]
[5, 60, 85, 80] - [9, 15, 170, 5]	True - [4, 12] - [4, 12]
[5, 60, 170, 5] - [9, 15, 85, 80]	True - [4, 12] - [4, 12]
[5, 60, 170, 20] - [9, 15, 102, 80]	True - [1, 3, 3, 3, 3, 3] - [1, 3, 3, 3, 3, 3]
[5, 60, 170, 65] - [9, 15, 153, 80]	True - [1, 3, 3, 3, 3, 3] - [1, 3, 3, 3, 3, 3]
[5, 60, 170, 80] - [9, 15, 170, 80]	True - [1, 1, 2, 3, 3, 6] - [1, 1, 2, 3, 3, 6]
[5, 60, 102, 5] - [9, 15, 85, 65]	True - [1, 3, 3, 3, 3, 3] - [1, 3, 3, 3, 3, 3]
[5, 60, 102, 17] - [9, 15, 153, 17]	True - [4, 12] - [4, 12]
[5, 60, 102, 68] - [9, 15, 102, 68]	True - [1, 1, 2, 3, 3, 6] - [1, 1, 2, 3, 3, 6]
[5, 60, 102, 80] - [9, 15, 170, 20]	True - [1, 3, 3, 3, 3, 3] - [1, 3, 3, 3, 3, 3]
[5, 60, 153, 5] - [9, 15, 85, 20]	True - [1, 3, 3, 3, 3, 3] - [1, 3, 3, 3, 3, 3]
[5, 60, 153, 17] - [9, 15, 102, 17]	True - [4, 12] - [4, 12]
[5, 60, 153, 68] - [9, 15, 153, 68]	True - [1, 1, 2, 3, 3, 6] - [1, 1, 2, 3, 3, 6]
[5, 60, 153, 80] - [9, 15, 170, 65]	True - [1, 3, 3, 3, 3, 3] - [1, 3, 3, 3, 3, 3]
[5, 195, 51, 17] - [6, 15, 51, 17]	True - [2, 2, 6, 6] - [2, 2, 6, 6]
[5, 195, 51, 20] - [6, 15, 51, 65]	True - [4, 12] - [4, 12]
[5, 195, 51, 65] - [6, 15, 51, 20]	True - [4, 12] - [4, 12]
[5, 195, 51, 68] - [6, 15, 51, 68]	True - [2, 2, 6, 6] - [2, 2, 6, 6]
[5, 195, 204, 17] - [6, 15, 204, 17]	True - [2, 2, 6, 6] - [2, 2, 6, 6]
[5, 195, 204, 20] - [6, 15, 204, 20]	True - [1, 1, 2, 3, 3, 6] - [1, 1, 2, 3, 3, 6]
[5, 195, 204, 65] - [6, 15, 204, 65]	True - [1, 1, 2, 3, 3, 6] - [1, 1, 2, 3, 3, 6]
[5, 195, 204, 68] - [6, 15, 204, 68]	True - [1, 1, 1, 1, 3, 3, 3, 3] - [1, 1, 1, 1, 3, 3, 3, 3]
[5, 195, 85, 5] - [6, 15, 85, 5]	True - [1, 1, 2, 3, 3, 6] - [1, 1, 2, 3, 3, 6]
[5, 195, 85, 20] - [6, 15, 153, 5]	True - [1, 3, 3, 3, 3, 3] - [1, 3, 3, 3, 3, 3]
[5, 195, 85, 65] - [6, 15, 102, 5]	True - [1, 3, 3, 3, 3, 3] - [1, 3, 3, 3, 3, 3]
[5, 195, 85, 80] - [6, 15, 170, 5]	True - [4, 12] - [4, 12]
[5, 195, 170, 5] - [6, 15, 85, 80]	True - [4, 12] - [4, 12]
[5, 195, 170, 20] - [6, 15, 102, 80]	True - [1, 3, 3, 3, 3, 3] - [1, 3, 3, 3, 3, 3]
[5, 195, 170, 65] - [6, 15, 153, 80]	True - [1, 3, 3, 3, 3, 3] - [1, 3, 3, 3, 3, 3]
[5, 195, 170, 80] - [6, 15, 170, 80]	True - [1, 1, 2, 3, 3, 6] - [1, 1, 2, 3, 3, 6]
[5, 195, 102, 5] - [6, 15, 85, 65]	True - [1, 3, 3, 3, 3, 3] - [1, 3, 3, 3, 3, 3]
[5, 195, 102, 17] - [6, 15, 153, 17]	True - [4, 12] - [4, 12]
[5, 195, 102, 68] - [6, 15, 102, 68]	True - [1, 1, 2, 3, 3, 6] - [1, 1, 2, 3, 3, 6]
[5, 195, 102, 80] - [6, 15, 170, 20]	True - [1, 3, 3, 3, 3, 3] - [1, 3, 3, 3, 3, 3]
[5, 195, 153, 5] - [6, 15, 85, 20]	True - [1, 3, 3, 3, 3, 3] - [1, 3, 3, 3, 3, 3]
[5, 195, 153, 17] - [6, 15, 102, 17]	True - [4, 12] - [4, 12]
[5, 195, 153, 68] - [6, 15, 153, 68]	True - [1, 1, 2, 3, 3, 6] - [1, 1, 2, 3, 3, 6]
[5, 195, 153, 80] - [6, 15, 170, 65]	True - [1, 3, 3, 3, 3, 3] - [1, 3, 3, 3, 3, 3]
[5, 240, 51, 17] - [10, 15, 51, 17]	True - [4, 4, 4, 4] - [4, 4, 4, 4]
[5, 240, 51, 20] - [10, 15, 51, 65]	True - [4, 4, 4, 4] - [4, 4, 4, 4]
[5, 240, 51, 65] - [10, 15, 51, 20]	True - [4, 4, 4, 4] - [4, 4, 4, 4]
[5, 240, 51, 68] - [10, 15, 51, 68]	True - [4, 4, 4, 4] - [4, 4, 4, 4]
[5, 240, 204, 17] - [10, 15, 204, 17]	True - [4, 4, 4, 4] - [4, 4, 4, 4]
[5, 240, 204, 20] - [10, 15, 204, 20]	True - [4, 4, 4, 4] - [4, 4, 4, 4]
[5, 240, 204, 65] - [10, 15, 204, 65]	True - [4, 4, 4, 4] - [4, 4, 4, 4]
[5, 240, 204, 68] - [10, 15, 204, 68]	True - [4, 4, 4, 4] - [4, 4, 4, 4]
[5, 240, 85, 5] - [10, 15, 85, 5]	True - [4, 4, 4, 4] - [4, 4, 4, 4]
[5, 240, 85, 20] - [10, 15, 153, 5]	True - [4, 12] - [4, 12]
[5, 240, 85, 65] - [10, 15, 102, 5]	True - [4, 12] - [4, 12]
[5, 240, 85, 80] - [10, 15, 170, 5]	True - [4, 4, 4, 4] - [4, 4, 4, 4]
[5, 240, 170, 5] - [10, 15, 85, 80]	True - [4, 4, 4, 4] - [4, 4, 4, 4]
[5, 240, 170, 20] - [10, 15, 102, 80]	True - [4, 12] - [4, 12]
[5, 240, 170, 65] - [10, 15, 153, 80]	True - [4, 12] - [4, 12]
[5, 240, 170, 80] - [10, 15, 170, 80]	True - [4, 4, 4, 4] - [4, 4, 4, 4]
[5, 240, 102, 5] - [10, 15, 85, 65]	True - [4, 12] - [4, 12]
[5, 240, 102, 17] - [10, 15, 153, 17]	True - [4, 4, 4, 4] - [4, 4, 4, 4]
[5, 240, 102, 68] - [10, 15, 102, 68]	True - [4, 4, 4, 4] - [4, 4, 4, 4]
[5, 240, 102, 80] - [10, 15, 170, 20]	True - [4, 12] - [4, 12]
[5, 240, 153, 5] - [10, 15, 85, 20]	True - [4, 12] - [4, 12]
[5, 240, 153, 17] - [10, 15, 102, 17]	True - [4, 4, 4, 4] - [4, 4, 4, 4]
[5, 240, 153, 68] - [10, 15, 153, 68]	True - [4, 4, 4, 4] - [4, 4, 4, 4]
[5, 240, 153, 80] - [10, 15, 170, 65]	True - [4, 12] - [4, 12]
[10, 15, 51, 17] - [5, 240, 51, 17]	True - [4, 4, 4, 4] - [4, 4, 4, 4]
[10, 15, 51, 20] - [5, 240, 51, 65]	True - [4, 4, 4, 4] - [4, 4, 4, 4]
[10, 15, 51, 65] - [5, 240, 51, 20]	True - [4, 4, 4, 4] - [4, 4, 4, 4]
[10, 15, 51, 68] - [5, 240, 51, 68]	True - [4, 4, 4, 4] - [4, 4, 4, 4]
[10, 15, 204, 17] - [5, 240, 204, 17]	True - [4, 4, 4, 4] - [4, 4, 4, 4]
[10, 15, 204, 20] - [5, 240, 204, 20]	True - [4, 4, 4, 4] - [4, 4, 4, 4]
[10, 15, 204, 65] - [5, 240, 204, 65]	True - [4, 4, 4, 4] - [4, 4, 4, 4]
[10, 15, 204, 68] - [5, 240, 204, 68]	True - [4, 4, 4, 4] - [4, 4, 4, 4]
[10, 15, 85, 5] - [5, 240, 85, 5]	True - [4, 4, 4, 4] - [4, 4, 4, 4]
[10, 15, 85, 20] - [5, 240, 153, 5]	True - [4, 12] - [4, 12]
[10, 15, 85, 65] - [5, 240, 102, 5]	True - [4, 12] - [4, 12]
[10, 15, 85, 80] - [5, 240, 170, 5]	True - [4, 4, 4, 4] - [4, 4, 4, 4]
[10, 15, 170, 5] - [5, 240, 85, 80]	True - [4, 4, 4, 4] - [4, 4, 4, 4]
[10, 15, 170, 20] - [5, 240, 102, 80]	True - [4, 12] - [4, 12]
[10, 15, 170, 65] - [5, 240, 153, 80]	True - [4, 12] - [4, 12]
[10, 15, 170, 80] - [5, 240, 170, 80]	True - [4, 4, 4, 4] - [4, 4, 4, 4]
[10, 15, 102, 5] - [5, 240, 85, 65]	True - [4, 12] - [4, 12]
[10, 15, 102, 17] - [5, 240, 153, 17]	True - [4, 4, 4, 4] - [4, 4, 4, 4]
[10, 15, 102, 68] - [5, 240, 102, 68]	True - [4, 4, 4, 4] - [4, 4, 4, 4]
[10, 15, 102, 80] - [5, 240, 170, 20]	True - [4, 12] - [4, 12]
[10, 15, 153, 5] - [5, 240, 85, 20]	True - [4, 12] - [4, 12]
[10, 15, 153, 17] - [5, 240, 102, 17]	True - [4, 4, 4, 4] - [4, 4, 4, 4]
[10, 15, 153, 68] - [5, 240, 153, 68]	True - [4, 4, 4, 4] - [4, 4, 4, 4]
[10, 15, 153, 80] - [5, 240, 170, 65]	True - [4, 12] - [4, 12]
[10, 60, 51, 17] - [6, 240, 51, 17]	True - [2, 2, 6, 6] - [2, 2, 6, 6]
[10, 60, 51, 20] - [6, 240, 51, 65]	True - [4, 12] - [4, 12]
[10, 60, 51, 65] - [6, 240, 51, 20]	True - [4, 12] - [4, 12]
[10, 60, 51, 68] - [6, 240, 51, 68]	True - [2, 2, 6, 6] - [2, 2, 6, 6]
[10, 60, 204, 17] - [6, 240, 204, 17]	True - [2, 2, 6, 6] - [2, 2, 6, 6]
[10, 60, 204, 20] - [6, 240, 204, 20]	True - [1, 1, 2, 3, 3, 6] - [1, 1, 2, 3, 3, 6]
[10, 60, 204, 65] - [6, 240, 204, 65]	True - [1, 1, 2, 3, 3, 6] - [1, 1, 2, 3, 3, 6]
[10, 60, 204, 68] - [6, 240, 204, 68]	True - [1, 1, 1, 1, 3, 3, 3, 3] - [1, 1, 1, 1, 3, 3, 3, 3]
[10, 60, 85, 5] - [6, 240, 85, 5]	True - [1, 1, 2, 3, 3, 6] - [1, 1, 2, 3, 3, 6]
[10, 60, 85, 20] - [6, 240, 153, 5]	True - [1, 3, 3, 3, 3, 3] - [1, 3, 3, 3, 3, 3]
[10, 60, 85, 65] - [6, 240, 102, 5]	True - [1, 3, 3, 3, 3, 3] - [1, 3, 3, 3, 3, 3]
[10, 60, 85, 80] - [6, 240, 170, 5]	True - [4, 12] - [4, 12]
[10, 60, 170, 5] - [6, 240, 85, 80]	True - [4, 12] - [4, 12]
[10, 60, 170, 20] - [6, 240, 102, 80]	True - [1, 3, 3, 3, 3, 3] - [1, 3, 3, 3, 3, 3]
[10, 60, 170, 65] - [6, 240, 153, 80]	True - [1, 3, 3, 3, 3, 3] - [1, 3, 3, 3, 3, 3]
[10, 60, 170, 80] - [6, 240, 170, 80]	True - [1, 1, 2, 3, 3, 6] - [1, 1, 2, 3, 3, 6]
[10, 60, 102, 5] - [6, 240, 85, 65]	True - [1, 3, 3, 3, 3, 3] - [1, 3, 3, 3, 3, 3]
[10, 60, 102, 17] - [6, 240, 153, 17]	True - [4, 12] - [4, 12]
[10, 60, 102, 68] - [6, 240, 102, 68]	True - [1, 1, 2, 3, 3, 6] - [1, 1, 2, 3, 3, 6]
[10, 60, 102, 80] - [6, 240, 170, 20]	True - [1, 3, 3, 3, 3, 3] - [1, 3, 3, 3, 3, 3]
[10, 60, 153, 5] - [6, 240, 85, 20]	True - [1, 3, 3, 3, 3, 3] - [1, 3, 3, 3, 3, 3]
[10, 60, 153, 17] - [6, 240, 102, 17]	True - [4, 12] - [4, 12]
[10, 60, 153, 68] - [6, 240, 153, 68]	True - [1, 1, 2, 3, 3, 6] - [1, 1, 2, 3, 3, 6]
[10, 60, 153, 80] - [6, 240, 170, 65]	True - [1, 3, 3, 3, 3, 3] - [1, 3, 3, 3, 3, 3]
[10, 195, 51, 17] - [9, 240, 51, 17]	True - [2, 2, 6, 6] - [2, 2, 6, 6]
[10, 195, 51, 20] - [9, 240, 51, 65]	True - [4, 12] - [4, 12]
[10, 195, 51, 65] - [9, 240, 51, 20]	True - [4, 12] - [4, 12]
[10, 195, 51, 68] - [9, 240, 51, 68]	True - [2, 2, 6, 6] - [2, 2, 6, 6]
[10, 195, 204, 17] - [9, 240, 204, 17]	True - [2, 2, 6, 6] - [2, 2, 6, 6]
[10, 195, 204, 20] - [9, 240, 204, 20]	True - [1, 1, 2, 3, 3, 6] - [1, 1, 2, 3, 3, 6]
[10, 195, 204, 65] - [9, 240, 204, 65]	True - [1, 1, 2, 3, 3, 6] - [1, 1, 2, 3, 3, 6]
[10, 195, 204, 68] - [9, 240, 204, 68]	True - [1, 1, 1, 1, 3, 3, 3, 3] - [1, 1, 1, 1, 3, 3, 3, 3]
[10, 195, 85, 5] - [9, 240, 85, 5]	True - [1, 1, 2, 3, 3, 6] - [1, 1, 2, 3, 3, 6]
[10, 195, 85, 20] - [9, 240, 153, 5]	True - [1, 3, 3, 3, 3, 3] - [1, 3, 3, 3, 3, 3]
[10, 195, 85, 65] - [9, 240, 102, 5]	True - [1, 3, 3, 3, 3, 3] - [1, 3, 3, 3, 3, 3]
[10, 195, 85, 80] - [9, 240, 170, 5]	True - [4, 12] - [4, 12]
[10, 195, 170, 5] - [9, 240, 85, 80]	True - [4, 12] - [4, 12]
[10, 195, 170, 20] - [9, 240, 102, 80]	True - [1, 3, 3, 3, 3, 3] - [1, 3, 3, 3, 3, 3]
[10, 195, 170, 65] - [9, 240, 153, 80]	True - [1, 3, 3, 3, 3, 3] - [1, 3, 3, 3, 3, 3]
[10, 195, 170, 80] - [9, 240, 170, 80]	True - [1, 1, 2, 3, 3, 6] - [1, 1, 2, 3, 3, 6]
[10, 195, 102, 5] - [9, 240, 85, 65]	True - [1, 3, 3, 3, 3, 3] - [1, 3, 3, 3, 3, 3]
[10, 195, 102, 17] - [9, 240, 153, 17]	True - [4, 12] - [4, 12]
[10, 195, 102, 68] - [9, 240, 102, 68]	True - [1, 1, 2, 3, 3, 6] - [1, 1, 2, 3, 3, 6]
[10, 195, 102, 80] - [9, 240, 170, 20]	True - [1, 3, 3, 3, 3, 3] - [1, 3, 3, 3, 3, 3]
[10, 195, 153, 5] - [9, 240, 85, 20]	True - [1, 3, 3, 3, 3, 3] - [1, 3, 3, 3, 3, 3]
[10, 195, 153, 17] - [9, 240, 102, 17]	True - [4, 12] - [4, 12]
[10, 195, 153, 68] - [9, 240, 153, 68]	True - [1, 1, 2, 3, 3, 6] - [1, 1, 2, 3, 3, 6]
[10, 195, 153, 80] - [9, 240, 170, 65]	True - [1, 3, 3, 3, 3, 3] - [1, 3, 3, 3, 3, 3]
[10, 240, 51, 17] - [10, 240, 51, 17]	True - [2, 2, 2, 2, 2, 2, 2, 2] - [2, 2, 2, 2, 2, 2, 2, 2]
[10, 240, 51, 20] - [10, 240, 51, 65]	True - [4, 4, 4, 4] - [4, 4, 4, 4]
[10, 240, 51, 65] - [10, 240, 51, 20]	True - [4, 4, 4, 4] - [4, 4, 4, 4]
[10, 240, 51, 68] - [10, 240, 51, 68]	True - [2, 2, 2, 2, 2, 2, 2, 2] - [2, 2, 2, 2, 2, 2, 2, 2]
[10, 240, 204, 17] - [10, 240, 204, 17]	True - [2, 2, 2, 2, 2, 2, 2, 2] - [2, 2, 2, 2, 2, 2, 2, 2]
[10, 240, 204, 20] - [10, 240, 204, 20]	True - [1, 1, 1, 1, 2, 2, 2, 2, 2, 2] - [1, 1, 1, 1, 2, 2, 2, 2, 2, 2]
[10, 240, 204, 65] - [10, 240, 204, 65]	True - [1, 1, 1, 1, 2, 2, 2, 2, 2, 2] - [1, 1, 1, 1, 2, 2, 2, 2, 2, 2]
[10, 240, 204, 68] - [10, 240, 204, 68]	True - [1, 1, 1, 1, 1, 1, 1, 1, 2, 2, 2, 2] - [1, 1, 1, 1, 1, 1, 1, 1, 2, 2, 2, 2]
[10, 240, 85, 5] - [10, 240, 85, 5]	True - [1, 1, 1, 1, 2, 2, 2, 2, 2, 2] - [1, 1, 1, 1, 2, 2, 2, 2, 2, 2]
[10, 240, 85, 20] - [10, 240, 153, 5]	True - [1, 1, 2, 3, 3, 6] - [1, 1, 2, 3, 3, 6]
[10, 240, 85, 65] - [10, 240, 102, 5]	True - [1, 1, 2, 3, 3, 6] - [1, 1, 2, 3, 3, 6]
[10, 240, 85, 80] - [10, 240, 170, 5]	True - [4, 4, 4, 4] - [4, 4, 4, 4]
[10, 240, 170, 5] - [10, 240, 85, 80]	True - [4, 4, 4, 4] - [4, 4, 4, 4]
[10, 240, 170, 20] - [10, 240, 102, 80]	True - [1, 1, 2, 3, 3, 6] - [1, 1, 2, 3, 3, 6]
[10, 240, 170, 65] - [10, 240, 153, 80]	True - [1, 1, 2, 3, 3, 6] - [1, 1, 2, 3, 3, 6]
[10, 240, 170, 80] - [10, 240, 170, 80]	True - [1, 1, 1, 1, 2, 2, 2, 2, 2, 2] - [1, 1, 1, 1, 2, 2, 2, 2, 2, 2]
[10, 240, 102, 5] - [10, 240, 85, 65]	True - [1, 1, 2, 3, 3, 6] - [1, 1, 2, 3, 3, 6]
[10, 240, 102, 17] - [10, 240, 153, 17]	True - [4, 4, 4, 4] - [4, 4, 4, 4]
[10, 240, 102, 68] - [10, 240, 102, 68]	True - [1, 1, 1, 1, 2, 2, 2, 2, 2, 2] - [1, 1, 1, 1, 2, 2, 2, 2, 2, 2]
[10, 240, 102, 80] - [10, 240, 170, 20]	True - [1, 1, 2, 3, 3, 6] - [1, 1, 2, 3, 3, 6]
[10, 240, 153, 5] - [10, 240, 85, 20]	True - [1, 1, 2, 3, 3, 6] - [1, 1, 2, 3, 3, 6]
[10, 240, 153, 17] - [10, 240, 102, 17]	True - [4, 4, 4, 4] - [4, 4, 4, 4]
[10, 240, 153, 68] - [10, 240, 153, 68]	True - [1, 1, 1, 1, 2, 2, 2, 2, 2, 2] - [1, 1, 1, 1, 2, 2, 2, 2, 2, 2]
[10, 240, 153, 80] - [10, 240, 170, 65]	True - [1, 1, 2, 3, 3, 6] - [1, 1, 2, 3, 3, 6]
[6, 51, 51, 17] - [9, 51, 51, 17]	True - [4, 4, 4, 4] - [4, 4, 4, 4]
[6, 51, 51, 20] - [9, 51, 51, 65]	True - [4, 4, 4, 4] - [4, 4, 4, 4]
[6, 51, 51, 65] - [9, 51, 51, 20]	True - [4, 4, 4, 4] - [4, 4, 4, 4]
[6, 51, 51, 68] - [9, 51, 51, 68]	True - [4, 4, 4, 4] - [4, 4, 4, 4]
[6, 51, 204, 17] - [9, 51, 204, 17]	True - [4, 4, 4, 4] - [4, 4, 4, 4]
[6, 51, 204, 20] - [9, 51, 204, 20]	True - [4, 4, 4, 4] - [4, 4, 4, 4]
[6, 51, 204, 65] - [9, 51, 204, 65]	True - [4, 4, 4, 4] - [4, 4, 4, 4]
[6, 51, 204, 68] - [9, 51, 204, 68]	True - [4, 4, 4, 4] - [4, 4, 4, 4]
[6, 51, 60, 17] - [9, 51, 195, 17]	True - [4, 4, 4, 4] - [4, 4, 4, 4]
[6, 51, 60, 68] - [9, 51, 195, 68]	True - [4, 4, 4, 4] - [4, 4, 4, 4]
[6, 51, 195, 17] - [9, 51, 60, 17]	True - [4, 4, 4, 4] - [4, 4, 4, 4]
[6, 51, 195, 68] - [9, 51, 60, 68]	True - [4, 4, 4, 4] - [4, 4, 4, 4]
[6, 51, 85, 5] - [9, 51, 85, 5]	True - [4, 4, 4, 4] - [4, 4, 4, 4]
[6, 51, 85, 20] - [9, 51, 153, 5]	True - [4, 12] - [4, 12]
[6, 51, 85, 65] - [9, 51, 102, 5]	True - [4, 12] - [4, 12]
[6, 51, 85, 80] - [9, 51, 170, 5]	True - [4, 4, 4, 4] - [4, 4, 4, 4]
[6, 51, 170, 5] - [9, 51, 85, 80]	True - [4, 4, 4, 4] - [4, 4, 4, 4]
[6, 51, 170, 20] - [9, 51, 102, 80]	True - [4, 12] - [4, 12]
[6, 51, 170, 65] - [9, 51, 153, 80]	True - [4, 12] - [4, 12]
[6, 51, 170, 80] - [9, 51, 170, 80]	True - [4, 4, 4, 4] - [4, 4, 4, 4]
[6, 51, 102, 5] - [9, 51, 85, 65]	True - [4, 12] - [4, 12]
[6, 51, 102, 17] - [9, 51, 153, 17]	True - [4, 4, 4, 4] - [4, 4, 4, 4]
[6, 51, 102, 68] - [9, 51, 102, 68]	True - [4, 4, 4, 4] - [4, 4, 4, 4]
[6, 51, 102, 80] - [9, 51, 170, 20]	True - [4, 12] - [4, 12]
[6, 51, 105, 17] - [9, 51, 105, 17]	True - [4, 4, 4, 4] - [4, 4, 4, 4]
[6, 51, 105, 68] - [9, 51, 150, 68]	True - [4, 4, 4, 4] - [4, 4, 4, 4]
[6, 51, 150, 17] - [9, 51, 150, 17]	True - [4, 4, 4, 4] - [4, 4, 4, 4]
[6, 51, 150, 68] - [9, 51, 105, 68]	True - [4, 4, 4, 4] - [4, 4, 4, 4]
[6, 51, 153, 5] - [9, 51, 85, 20]	True - [4, 12] - [4, 12]
[6, 51, 153, 17] - [9, 51, 102, 17]	True - [4, 4, 4, 4] - [4, 4, 4, 4]
[6, 51, 153, 68] - [9, 51, 153, 68]	True - [4, 4, 4, 4] - [4, 4, 4, 4]
[6, 51, 153, 80] - [9, 51, 170, 65]	True - [4, 12] - [4, 12]
[6, 51, 54, 17] - [9, 51, 147, 17]	True - [4, 4, 4, 4] - [4, 4, 4, 4]
[6, 51, 54, 68] - [9, 51, 99, 68]	True - [4, 4, 4, 4] - [4, 4, 4, 4]
[6, 51, 57, 17] - [9, 51, 99, 17]	True - [4, 4, 4, 4] - [4, 4, 4, 4]
[6, 51, 57, 68] - [9, 51, 147, 68]	True - [4, 4, 4, 4] - [4, 4, 4, 4]
[6, 51, 99, 17] - [9, 51, 57, 17]	True - [4, 4, 4, 4] - [4, 4, 4, 4]
[6, 51, 99, 68] - [9, 51, 54, 68]	True - [4, 4, 4, 4] - [4, 4, 4, 4]
[6, 51, 108, 17] - [9, 51, 201, 17]	True - [4, 4, 4, 4] - [4, 4, 4, 4]
[6, 51, 108, 68] - [9, 51, 198, 68]	True - [4, 4, 4, 4] - [4, 4, 4, 4]
[6, 51, 147, 17] - [9, 51, 54, 17]	True - [4, 4, 4, 4] - [4, 4, 4, 4]
[6, 51, 147, 68] - [9, 51, 57, 68]	True - [4, 4, 4, 4] - [4, 4, 4, 4]
[6, 51, 156, 17] - [9, 51, 198, 17]	True - [4, 4, 4, 4] - [4, 4, 4, 4]
[6, 51, 156, 68] - [9, 51, 201, 68]	True - [4, 4, 4, 4] - [4, 4, 4, 4]
[6, 51, 198, 17] - [9, 51, 156, 17]	True - [4, 4, 4, 4] - [4, 4, 4, 4]
[6, 51, 198, 68] - [9, 51, 108, 68]	True - [4, 4, 4, 4] - [4, 4, 4, 4]
[6, 51, 201, 17] - [9, 51, 108, 17]	True - [4, 4, 4, 4] - [4, 4, 4, 4]
[6, 51, 201, 68] - [9, 51, 156, 68]	True - [4, 4, 4, 4] - [4, 4, 4, 4]
[6, 204, 51, 17] - [6, 204, 51, 17]	True - [2, 2, 2, 2, 2, 2, 2, 2] - [2, 2, 2, 2, 2, 2, 2, 2]
[6, 204, 51, 20] - [6, 204, 51, 65]	True - [4, 4, 4, 4] - [4, 4, 4, 4]
[6, 204, 51, 65] - [6, 204, 51, 20]	True - [4, 4, 4, 4] - [4, 4, 4, 4]
[6, 204, 51, 68] - [6, 204, 51, 68]	True - [2, 2, 2, 2, 2, 2, 2, 2] - [2, 2, 2, 2, 2, 2, 2, 2]
[6, 204, 204, 17] - [6, 204, 204, 17]	True - [2, 2, 2, 2, 2, 2, 2, 2] - [2, 2, 2, 2, 2, 2, 2, 2]
[6, 204, 204, 20] - [6, 204, 204, 20]	True - [1, 1, 1, 1, 2, 2, 2, 2, 2, 2] - [1, 1, 1, 1, 2, 2, 2, 2, 2, 2]
[6, 204, 204, 65] - [6, 204, 204, 65]	True - [1, 1, 1, 1, 2, 2, 2, 2, 2, 2] - [1, 1, 1, 1, 2, 2, 2, 2, 2, 2]
[6, 204, 204, 68] - [6, 204, 204, 68]	True - [1, 1, 1, 1, 1, 1, 1, 1, 2, 2, 2, 2] - [1, 1, 1, 1, 1, 1, 1, 1, 2, 2, 2, 2]
[6, 204, 60, 17] - [6, 204, 60, 17]	True - [2, 2, 2, 2, 2, 2, 2, 2] - [2, 2, 2, 2, 2, 2, 2, 2]
[6, 204, 60, 68] - [6, 204, 60, 68]	True - [1, 1, 1, 1, 1, 1, 1, 1, 2, 2, 2, 2] - [1, 1, 1, 1, 1, 1, 1, 1, 2, 2, 2, 2]
[6, 204, 195, 17] - [6, 204, 195, 17]	True - [2, 2, 2, 2, 2, 2, 2, 2] - [2, 2, 2, 2, 2, 2, 2, 2]
[6, 204, 195, 68] - [6, 204, 195, 68]	True - [2, 2, 2, 2, 2, 2, 2, 2] - [2, 2, 2, 2, 2, 2, 2, 2]
[6, 204, 85, 5] - [6, 204, 85, 5]	True - [1, 1, 1, 1, 2, 2, 2, 2, 2, 2] - [1, 1, 1, 1, 2, 2, 2, 2, 2, 2]
[6, 204, 85, 20] - [6, 204, 153, 5]	True - [1, 1, 2, 3, 3, 6] - [1, 1, 2, 3, 3, 6]
[6, 204, 85, 65] - [6, 204, 102, 5]	True - [1, 1, 2, 3, 3, 6] - [1, 1, 2, 3, 3, 6]
[6, 204, 85, 80] - [6, 204, 170, 5]	True - [4, 4, 4, 4] - [4, 4, 4, 4]
[6, 204, 170, 5] - [6, 204, 85, 80]	True - [4, 4, 4, 4] - [4, 4, 4, 4]
[6, 204, 170, 20] - [6, 204, 102, 80]	True - [1, 1, 2, 3, 3, 6] - [1, 1, 2, 3, 3, 6]
[6, 204, 170, 65] - [6, 204, 153, 80]	True - [1, 1, 2, 3, 3, 6] - [1, 1, 2, 3, 3, 6]
[6, 204, 170, 80] - [6, 204, 170, 80]	True - [1, 1, 1, 1, 2, 2, 2, 2, 2, 2] - [1, 1, 1, 1, 2, 2, 2, 2, 2, 2]
[6, 204, 102, 5] - [6, 204, 85, 65]	True - [1, 1, 2, 3, 3, 6] - [1, 1, 2, 3, 3, 6]
[6, 204, 102, 17] - [6, 204, 153, 17]	True - [4, 4, 4, 4] - [4, 4, 4, 4]
[6, 204, 102, 68] - [6, 204, 102, 68]	True - [1, 1, 1, 1, 2, 2, 2, 2, 2, 2] - [1, 1, 1, 1, 2, 2, 2, 2, 2, 2]
[6, 204, 102, 80] - [6, 204, 170, 20]	True - [1, 1, 2, 3, 3, 6] - [1, 1, 2, 3, 3, 6]
[6, 204, 105, 17] - [6, 204, 150, 17]	True - [4, 4, 4, 4] - [4, 4, 4, 4]
[6, 204, 105, 68] - [6, 204, 105, 68]	True - [1, 1, 1, 1, 2, 2, 2, 2, 2, 2] - [1, 1, 1, 1, 2, 2, 2, 2, 2, 2]
[6, 204, 150, 17] - [6, 204, 105, 17]	True - [4, 4, 4, 4] - [4, 4, 4, 4]
[6, 204, 150, 68] - [6, 204, 150, 68]	True - [1, 1, 1, 1, 2, 2, 2, 2, 2, 2] - [1, 1, 1, 1, 2, 2, 2, 2, 2, 2]
[6, 204, 153, 5] - [6, 204, 85, 20]	True - [1, 1, 2, 3, 3, 6] - [1, 1, 2, 3, 3, 6]
[6, 204, 153, 17] - [6, 204, 102, 17]	True - [4, 4, 4, 4] - [4, 4, 4, 4]
[6, 204, 153, 68] - [6, 204, 153, 68]	True - [1, 1, 1, 1, 2, 2, 2, 2, 2, 2] - [1, 1, 1, 1, 2, 2, 2, 2, 2, 2]
[6, 204, 153, 80] - [6, 204, 170, 65]	True - [1, 1, 2, 3, 3, 6] - [1, 1, 2, 3, 3, 6]
[6, 204, 54, 17] - [6, 204, 57, 17]	True - [2, 2, 2, 2, 4, 4] - [2, 2, 2, 2, 4, 4]
[6, 204, 54, 68] - [6, 204, 54, 68]	True - [1, 1, 1, 1, 2, 2, 2, 2, 2, 2] - [1, 1, 1, 1, 2, 2, 2, 2, 2, 2]
[6, 204, 57, 17] - [6, 204, 54, 17]	True - [2, 2, 2, 2, 4, 4] - [2, 2, 2, 2, 4, 4]
[6, 204, 57, 68] - [6, 204, 57, 68]	True - [1, 1, 1, 1, 2, 2, 2, 2, 2, 2] - [1, 1, 1, 1, 2, 2, 2, 2, 2, 2]
[6, 204, 99, 17] - [6, 204, 147, 17]	True - [2, 2, 2, 2, 4, 4] - [2, 2, 2, 2, 4, 4]
[6, 204, 99, 68] - [6, 204, 99, 68]	True - [2, 2, 2, 2, 2, 2, 2, 2] - [2, 2, 2, 2, 2, 2, 2, 2]
[6, 204, 108, 17] - [6, 204, 156, 17]	True - [2, 2, 2, 2, 4, 4] - [2, 2, 2, 2, 4, 4]
[6, 204, 108, 68] - [6, 204, 108, 68]	True - [1, 1, 1, 1, 1, 1, 1, 1, 2, 2, 2, 2] - [1, 1, 1, 1, 1, 1, 1, 1, 2, 2, 2, 2]
[6, 204, 147, 17] - [6, 204, 99, 17]	True - [2, 2, 2, 2, 4, 4] - [2, 2, 2, 2, 4, 4]
[6, 204, 147, 68] - [6, 204, 147, 68]	True - [2, 2, 2, 2, 2, 2, 2, 2] - [2, 2, 2, 2, 2, 2, 2, 2]
[6, 204, 156, 17] - [6, 204, 108, 17]	True - [2, 2, 2, 2, 4, 4] - [2, 2, 2, 2, 4, 4]
[6, 204, 156, 68] - [6, 204, 156, 68]	True - [1, 1, 1, 1, 1, 1, 1, 1, 2, 2, 2, 2] - [1, 1, 1, 1, 1, 1, 1, 1, 2, 2, 2, 2]
[6, 204, 198, 17] - [6, 204, 201, 17]	True - [2, 2, 2, 2, 4, 4] - [2, 2, 2, 2, 4, 4]
[6, 204, 198, 68] - [6, 204, 198, 68]	True - [1, 1, 1, 1, 2, 2, 2, 2, 2, 2] - [1, 1, 1, 1, 2, 2, 2, 2, 2, 2]
[6, 204, 201, 17] - [6, 204, 198, 17]	True - [2, 2, 2, 2, 4, 4] - [2, 2, 2, 2, 4, 4]
[6, 204, 201, 68] - [6, 204, 201, 68]	True - [1, 1, 1, 1, 2, 2, 2, 2, 2, 2] - [1, 1, 1, 1, 2, 2, 2, 2, 2, 2]
[6, 15, 51, 17] - [5, 195, 51, 17]	True - [2, 2, 6, 6] - [2, 2, 6, 6]
[6, 15, 51, 20] - [5, 195, 51, 65]	True - [4, 12] - [4, 12]
[6, 15, 51, 65] - [5, 195, 51, 20]	True - [4, 12] - [4, 12]
[6, 15, 51, 68] - [5, 195, 51, 68]	True - [2, 2, 6, 6] - [2, 2, 6, 6]
[6, 15, 204, 17] - [5, 195, 204, 17]	True - [2, 2, 6, 6] - [2, 2, 6, 6]
[6, 15, 204, 20] - [5, 195, 204, 20]	True - [1, 1, 2, 3, 3, 6] - [1, 1, 2, 3, 3, 6]
[6, 15, 204, 65] - [5, 195, 204, 65]	True - [1, 1, 2, 3, 3, 6] - [1, 1, 2, 3, 3, 6]
[6, 15, 204, 68] - [5, 195, 204, 68]	True - [1, 1, 1, 1, 3, 3, 3, 3] - [1, 1, 1, 1, 3, 3, 3, 3]
[6, 15, 85, 5] - [5, 195, 85, 5]	True - [1, 1, 2, 3, 3, 6] - [1, 1, 2, 3, 3, 6]
[6, 15, 85, 20] - [5, 195, 153, 5]	True - [1, 3, 3, 3, 3, 3] - [1, 3, 3, 3, 3, 3]
[6, 15, 85, 65] - [5, 195, 102, 5]	True - [1, 3, 3, 3, 3, 3] - [1, 3, 3, 3, 3, 3]
[6, 15, 85, 80] - [5, 195, 170, 5]	True - [4, 12] - [4, 12]
[6, 15, 170, 5] - [5, 195, 85, 80]	True - [4, 12] - [4, 12]
[6, 15, 170, 20] - [5, 195, 102, 80]	True - [1, 3, 3, 3, 3, 3] - [1, 3, 3, 3, 3, 3]
[6, 15, 170, 65] - [5, 195, 153, 80]	True - [1, 3, 3, 3, 3, 3] - [1, 3, 3, 3, 3, 3]
[6, 15, 170, 80] - [5, 195, 170, 80]	True - [1, 1, 2, 3, 3, 6] - [1, 1, 2, 3, 3, 6]
[6, 15, 102, 5] - [5, 195, 85, 65]	True - [1, 3, 3, 3, 3, 3] - [1, 3, 3, 3, 3, 3]
[6, 15, 102, 17] - [5, 195, 153, 17]	True - [4, 12] - [4, 12]
[6, 15, 102, 68] - [5, 195, 102, 68]	True - [1, 1, 2, 3, 3, 6] - [1, 1, 2, 3, 3, 6]
[6, 15, 102, 80] - [5, 195, 170, 20]	True - [1, 3, 3, 3, 3, 3] - [1, 3, 3, 3, 3, 3]
[6, 15, 153, 5] - [5, 195, 85, 20]	True - [1, 3, 3, 3, 3, 3] - [1, 3, 3, 3, 3, 3]
[6, 15, 153, 17] - [5, 195, 102, 17]	True - [4, 12] - [4, 12]
[6, 15, 153, 68] - [5, 195, 153, 68]	True - [1, 1, 2, 3, 3, 6] - [1, 1, 2, 3, 3, 6]
[6, 15, 153, 80] - [5, 195, 170, 65]	True - [1, 3, 3, 3, 3, 3] - [1, 3, 3, 3, 3, 3]
[6, 240, 51, 17] - [10, 60, 51, 17]	True - [2, 2, 6, 6] - [2, 2, 6, 6]
[6, 240, 51, 20] - [10, 60, 51, 65]	True - [4, 12] - [4, 12]
[6, 240, 51, 65] - [10, 60, 51, 20]	True - [4, 12] - [4, 12]
[6, 240, 51, 68] - [10, 60, 51, 68]	True - [2, 2, 6, 6] - [2, 2, 6, 6]
[6, 240, 204, 17] - [10, 60, 204, 17]	True - [2, 2, 6, 6] - [2, 2, 6, 6]
[6, 240, 204, 20] - [10, 60, 204, 20]	True - [1, 1, 2, 3, 3, 6] - [1, 1, 2, 3, 3, 6]
[6, 240, 204, 65] - [10, 60, 204, 65]	True - [1, 1, 2, 3, 3, 6] - [1, 1, 2, 3, 3, 6]
[6, 240, 204, 68] - [10, 60, 204, 68]	True - [1, 1, 1, 1, 3, 3, 3, 3] - [1, 1, 1, 1, 3, 3, 3, 3]
[6, 240, 85, 5] - [10, 60, 85, 5]	True - [1, 1, 2, 3, 3, 6] - [1, 1, 2, 3, 3, 6]
[6, 240, 85, 20] - [10, 60, 153, 5]	True - [1, 3, 3, 3, 3, 3] - [1, 3, 3, 3, 3, 3]
[6, 240, 85, 65] - [10, 60, 102, 5]	True - [1, 3, 3, 3, 3, 3] - [1, 3, 3, 3, 3, 3]
[6, 240, 85, 80] - [10, 60, 170, 5]	True - [4, 12] - [4, 12]
[6, 240, 170, 5] - [10, 60, 85, 80]	True - [4, 12] - [4, 12]
[6, 240, 170, 20] - [10, 60, 102, 80]	True - [1, 3, 3, 3, 3, 3] - [1, 3, 3, 3, 3, 3]
[6, 240, 170, 65] - [10, 60, 153, 80]	True - [1, 3, 3, 3, 3, 3] - [1, 3, 3, 3, 3, 3]
[6, 240, 170, 80] - [10, 60, 170, 80]	True - [1, 1, 2, 3, 3, 6] - [1, 1, 2, 3, 3, 6]
[6, 240, 102, 5] - [10, 60, 85, 65]	True - [1, 3, 3, 3, 3, 3] - [1, 3, 3, 3, 3, 3]
[6, 240, 102, 17] - [10, 60, 153, 17]	True - [4, 12] - [4, 12]
[6, 240, 102, 68] - [10, 60, 102, 68]	True - [1, 1, 2, 3, 3, 6] - [1, 1, 2, 3, 3, 6]
[6, 240, 102, 80] - [10, 60, 170, 20]	True - [1, 3, 3, 3, 3, 3] - [1, 3, 3, 3, 3, 3]
[6, 240, 153, 5] - [10, 60, 85, 20]	True - [1, 3, 3, 3, 3, 3] - [1, 3, 3, 3, 3, 3]
[6, 240, 153, 17] - [10, 60, 102, 17]	True - [4, 12] - [4, 12]
[6, 240, 153, 68] - [10, 60, 153, 68]	True - [1, 1, 2, 3, 3, 6] - [1, 1, 2, 3, 3, 6]
[6, 240, 153, 80] - [10, 60, 170, 65]	True - [1, 3, 3, 3, 3, 3] - [1, 3, 3, 3, 3, 3]
[9, 51, 51, 17] - [6, 51, 51, 17]	True - [4, 4, 4, 4] - [4, 4, 4, 4]
[9, 51, 51, 20] - [6, 51, 51, 65]	True - [4, 4, 4, 4] - [4, 4, 4, 4]
[9, 51, 51, 65] - [6, 51, 51, 20]	True - [4, 4, 4, 4] - [4, 4, 4, 4]
[9, 51, 51, 68] - [6, 51, 51, 68]	True - [4, 4, 4, 4] - [4, 4, 4, 4]
[9, 51, 204, 17] - [6, 51, 204, 17]	True - [4, 4, 4, 4] - [4, 4, 4, 4]
[9, 51, 204, 20] - [6, 51, 204, 20]	True - [4, 4, 4, 4] - [4, 4, 4, 4]
[9, 51, 204, 65] - [6, 51, 204, 65]	True - [4, 4, 4, 4] - [4, 4, 4, 4]
[9, 51, 204, 68] - [6, 51, 204, 68]	True - [4, 4, 4, 4] - [4, 4, 4, 4]
[9, 51, 60, 17] - [6, 51, 195, 17]	True - [4, 4, 4, 4] - [4, 4, 4, 4]
[9, 51, 60, 68] - [6, 51, 195, 68]	True - [4, 4, 4, 4] - [4, 4, 4, 4]
[9, 51, 195, 17] - [6, 51, 60, 17]	True - [4, 4, 4, 4] - [4, 4, 4, 4]
[9, 51, 195, 68] - [6, 51, 60, 68]	True - [4, 4, 4, 4] - [4, 4, 4, 4]
[9, 51, 85, 5] - [6, 51, 85, 5]	True - [4, 4, 4, 4] - [4, 4, 4, 4]
[9, 51, 85, 20] - [6, 51, 153, 5]	True - [4, 12] - [4, 12]
[9, 51, 85, 65] - [6, 51, 102, 5]	True - [4, 12] - [4, 12]
[9, 51, 85, 80] - [6, 51, 170, 5]	True - [4, 4, 4, 4] - [4, 4, 4, 4]
[9, 51, 170, 5] - [6, 51, 85, 80]	True - [4, 4, 4, 4] - [4, 4, 4, 4]
[9, 51, 170, 20] - [6, 51, 102, 80]	True - [4, 12] - [4, 12]
[9, 51, 170, 65] - [6, 51, 153, 80]	True - [4, 12] - [4, 12]
[9, 51, 170, 80] - [6, 51, 170, 80]	True - [4, 4, 4, 4] - [4, 4, 4, 4]
[9, 51, 102, 5] - [6, 51, 85, 65]	True - [4, 12] - [4, 12]
[9, 51, 102, 17] - [6, 51, 153, 17]	True - [4, 4, 4, 4] - [4, 4, 4, 4]
[9, 51, 102, 68] - [6, 51, 102, 68]	True - [4, 4, 4, 4] - [4, 4, 4, 4]
[9, 51, 102, 80] - [6, 51, 170, 20]	True - [4, 12] - [4, 12]
[9, 51, 105, 17] - [6, 51, 105, 17]	True - [4, 4, 4, 4] - [4, 4, 4, 4]
[9, 51, 105, 68] - [6, 51, 150, 68]	True - [4, 4, 4, 4] - [4, 4, 4, 4]
[9, 51, 150, 17] - [6, 51, 150, 17]	True - [4, 4, 4, 4] - [4, 4, 4, 4]
[9, 51, 150, 68] - [6, 51, 105, 68]	True - [4, 4, 4, 4] - [4, 4, 4, 4]
[9, 51, 153, 5] - [6, 51, 85, 20]	True - [4, 12] - [4, 12]
[9, 51, 153, 17] - [6, 51, 102, 17]	True - [4, 4, 4, 4] - [4, 4, 4, 4]
[9, 51, 153, 68] - [6, 51, 153, 68]	True - [4, 4, 4, 4] - [4, 4, 4, 4]
[9, 51, 153, 80] - [6, 51, 170, 65]	True - [4, 12] - [4, 12]
[9, 51, 54, 17] - [6, 51, 147, 17]	True - [4, 4, 4, 4] - [4, 4, 4, 4]
[9, 51, 54, 68] - [6, 51, 99, 68]	True - [4, 4, 4, 4] - [4, 4, 4, 4]
[9, 51, 57, 17] - [6, 51, 99, 17]	True - [4, 4, 4, 4] - [4, 4, 4, 4]
[9, 51, 57, 68] - [6, 51, 147, 68]	True - [4, 4, 4, 4] - [4, 4, 4, 4]
[9, 51, 99, 17] - [6, 51, 57, 17]	True - [4, 4, 4, 4] - [4, 4, 4, 4]
[9, 51, 99, 68] - [6, 51, 54, 68]	True - [4, 4, 4, 4] - [4, 4, 4, 4]
[9, 51, 108, 17] - [6, 51, 201, 17]	True - [4, 4, 4, 4] - [4, 4, 4, 4]
[9, 51, 108, 68] - [6, 51, 198, 68]	True - [4, 4, 4, 4] - [4, 4, 4, 4]
[9, 51, 147, 17] - [6, 51, 54, 17]	True - [4, 4, 4, 4] - [4, 4, 4, 4]
[9, 51, 147, 68] - [6, 51, 57, 68]	True - [4, 4, 4, 4] - [4, 4, 4, 4]
[9, 51, 156, 17] - [6, 51, 198, 17]	True - [4, 4, 4, 4] - [4, 4, 4, 4]
[9, 51, 156, 68] - [6, 51, 201, 68]	True - [4, 4, 4, 4] - [4, 4, 4, 4]
[9, 51, 198, 17] - [6, 51, 156, 17]	True - [4, 4, 4, 4] - [4, 4, 4, 4]
[9, 51, 198, 68] - [6, 51, 108, 68]	True - [4, 4, 4, 4] - [4, 4, 4, 4]
[9, 51, 201, 17] - [6, 51, 108, 17]	True - [4, 4, 4, 4] - [4, 4, 4, 4]
[9, 51, 201, 68] - [6, 51, 156, 68]	True - [4, 4, 4, 4] - [4, 4, 4, 4]
[9, 204, 51, 17] - [9, 204, 51, 17]	True - [2, 2, 2, 2, 2, 2, 2, 2] - [2, 2, 2, 2, 2, 2, 2, 2]
[9, 204, 51, 20] - [9, 204, 51, 65]	True - [4, 4, 4, 4] - [4, 4, 4, 4]
[9, 204, 51, 65] - [9, 204, 51, 20]	True - [4, 4, 4, 4] - [4, 4, 4, 4]
[9, 204, 51, 68] - [9, 204, 51, 68]	True - [2, 2, 2, 2, 2, 2, 2, 2] - [2, 2, 2, 2, 2, 2, 2, 2]
[9, 204, 204, 17] - [9, 204, 204, 17]	True - [2, 2, 2, 2, 2, 2, 2, 2] - [2, 2, 2, 2, 2, 2, 2, 2]
[9, 204, 204, 20] - [9, 204, 204, 20]	True - [1, 1, 1, 1, 2, 2, 2, 2, 2, 2] - [1, 1, 1, 1, 2, 2, 2, 2, 2, 2]
[9, 204, 204, 65] - [9, 204, 204, 65]	True - [1, 1, 1, 1, 2, 2, 2, 2, 2, 2] - [1, 1, 1, 1, 2, 2, 2, 2, 2, 2]
[9, 204, 204, 68] - [9, 204, 204, 68]	True - [1, 1, 1, 1, 1, 1, 1, 1, 2, 2, 2, 2] - [1, 1, 1, 1, 1, 1, 1, 1, 2, 2, 2, 2]
[9, 204, 60, 17] - [9, 204, 60, 17]	True - [2, 2, 2, 2, 2, 2, 2, 2] - [2, 2, 2, 2, 2, 2, 2, 2]
[9, 204, 60, 68] - [9, 204, 60, 68]	True - [2, 2, 2, 2, 2, 2, 2, 2] - [2, 2, 2, 2, 2, 2, 2, 2]
[9, 204, 195, 17] - [9, 204, 195, 17]	True - [2, 2, 2, 2, 2, 2, 2, 2] - [2, 2, 2, 2, 2, 2, 2, 2]
[9, 204, 195, 68] - [9, 204, 195, 68]	True - [1, 1, 1, 1, 1, 1, 1, 1, 2, 2, 2, 2] - [1, 1, 1, 1, 1, 1, 1, 1, 2, 2, 2, 2]
[9, 204, 85, 5] - [9, 204, 85, 5]	True - [1, 1, 1, 1, 2, 2, 2, 2, 2, 2] - [1, 1, 1, 1, 2, 2, 2, 2, 2, 2]
[9, 204, 85, 20] - [9, 204, 153, 5]	True - [1, 1, 2, 3, 3, 6] - [1, 1, 2, 3, 3, 6]
[9, 204, 85, 65] - [9, 204, 102, 5]	True - [1, 1, 2, 3, 3, 6] - [1, 1, 2, 3, 3, 6]
[9, 204, 85, 80] - [9, 204, 170, 5]	True - [4, 4, 4, 4] - [4, 4, 4, 4]
[9, 204, 170, 5] - [9, 204, 85, 80]	True - [4, 4, 4, 4] - [4, 4, 4, 4]
[9, 204, 170, 20] - [9, 204, 102, 80]	True - [1, 1, 2, 3, 3, 6] - [1, 1, 2, 3, 3, 6]
[9, 204, 170, 65] - [9, 204, 153, 80]	True - [1, 1, 2, 3, 3, 6] - [1, 1, 2, 3, 3, 6]
[9, 204, 170, 80] - [9, 204, 170, 80]	True - [1, 1, 1, 1, 2, 2, 2, 2, 2, 2] - [1, 1, 1, 1, 2, 2, 2, 2, 2, 2]
[9, 204, 102, 5] - [9, 204, 85, 65]	True - [1, 1, 2, 3, 3, 6] - [1, 1, 2, 3, 3, 6]
[9, 204, 102, 17] - [9, 204, 153, 17]	True - [4, 4, 4, 4] - [4, 4, 4, 4]
[9, 204, 102, 68] - [9, 204, 102, 68]	True - [1, 1, 1, 1, 2, 2, 2, 2, 2, 2] - [1, 1, 1, 1, 2, 2, 2, 2, 2, 2]
[9, 204, 102, 80] - [9, 204, 170, 20]	True - [1, 1, 2, 3, 3, 6] - [1, 1, 2, 3, 3, 6]
[9, 204, 105, 17] - [9, 204, 150, 17]	True - [4, 4, 4, 4] - [4, 4, 4, 4]
[9, 204, 105, 68] - [9, 204, 105, 68]	True - [1, 1, 1, 1, 2, 2, 2, 2, 2, 2] - [1, 1, 1, 1, 2, 2, 2, 2, 2, 2]
[9, 204, 150, 17] - [9, 204, 105, 17]	True - [4, 4, 4, 4] - [4, 4, 4, 4]
[9, 204, 150, 68] - [9, 204, 150, 68]	True - [1, 1, 1, 1, 2, 2, 2, 2, 2, 2] - [1, 1, 1, 1, 2, 2, 2, 2, 2, 2]
[9, 204, 153, 5] - [9, 204, 85, 20]	True - [1, 1, 2, 3, 3, 6] - [1, 1, 2, 3, 3, 6]
[9, 204, 153, 17] - [9, 204, 102, 17]	True - [4, 4, 4, 4] - [4, 4, 4, 4]
[9, 204, 153, 68] - [9, 204, 153, 68]	True - [1, 1, 1, 1, 2, 2, 2, 2, 2, 2] - [1, 1, 1, 1, 2, 2, 2, 2, 2, 2]
[9, 204, 153, 80] - [9, 204, 170, 65]	True - [1, 1, 2, 3, 3, 6] - [1, 1, 2, 3, 3, 6]
[9, 204, 54, 17] - [9, 204, 57, 17]	True - [2, 2, 2, 2, 4, 4] - [2, 2, 2, 2, 4, 4]
[9, 204, 54, 68] - [9, 204, 54, 68]	True - [2, 2, 2, 2, 2, 2, 2, 2] - [2, 2, 2, 2, 2, 2, 2, 2]
[9, 204, 57, 17] - [9, 204, 54, 17]	True - [2, 2, 2, 2, 4, 4] - [2, 2, 2, 2, 4, 4]
[9, 204, 57, 68] - [9, 204, 57, 68]	True - [2, 2, 2, 2, 2, 2, 2, 2] - [2, 2, 2, 2, 2, 2, 2, 2]
[9, 204, 99, 17] - [9, 204, 147, 17]	True - [2, 2, 2, 2, 4, 4] - [2, 2, 2, 2, 4, 4]
[9, 204, 99, 68] - [9, 204, 99, 68]	True - [1, 1, 1, 1, 2, 2, 2, 2, 2, 2] - [1, 1, 1, 1, 2, 2, 2, 2, 2, 2]
[9, 204, 108, 17] - [9, 204, 156, 17]	True - [2, 2, 2, 2, 4, 4] - [2, 2, 2, 2, 4, 4]
[9, 204, 108, 68] - [9, 204, 108, 68]	True - [1, 1, 1, 1, 2, 2, 2, 2, 2, 2] - [1, 1, 1, 1, 2, 2, 2, 2, 2, 2]
[9, 204, 147, 17] - [9, 204, 99, 17]	True - [2, 2, 2, 2, 4, 4] - [2, 2, 2, 2, 4, 4]
[9, 204, 147, 68] - [9, 204, 147, 68]	True - [1, 1, 1, 1, 2, 2, 2, 2, 2, 2] - [1, 1, 1, 1, 2, 2, 2, 2, 2, 2]
[9, 204, 156, 17] - [9, 204, 108, 17]	True - [2, 2, 2, 2, 4, 4] - [2, 2, 2, 2, 4, 4]
[9, 204, 156, 68] - [9, 204, 156, 68]	True - [1, 1, 1, 1, 2, 2, 2, 2, 2, 2] - [1, 1, 1, 1, 2, 2, 2, 2, 2, 2]
[9, 204, 198, 17] - [9, 204, 201, 17]	True - [2, 2, 2, 2, 4, 4] - [2, 2, 2, 2, 4, 4]
[9, 204, 198, 68] - [9, 204, 198, 68]	True - [1, 1, 1, 1, 1, 1, 1, 1, 2, 2, 2, 2] - [1, 1, 1, 1, 1, 1, 1, 1, 2, 2, 2, 2]
[9, 204, 201, 17] - [9, 204, 198, 17]	True - [2, 2, 2, 2, 4, 4] - [2, 2, 2, 2, 4, 4]
[9, 204, 201, 68] - [9, 204, 201, 68]	True - [1, 1, 1, 1, 1, 1, 1, 1, 2, 2, 2, 2] - [1, 1, 1, 1, 1, 1, 1, 1, 2, 2, 2, 2]
[9, 15, 51, 17] - [5, 60, 51, 17]	True - [2, 2, 6, 6] - [2, 2, 6, 6]
[9, 15, 51, 20] - [5, 60, 51, 65]	True - [4, 12] - [4, 12]
[9, 15, 51, 65] - [5, 60, 51, 20]	True - [4, 12] - [4, 12]
[9, 15, 51, 68] - [5, 60, 51, 68]	True - [2, 2, 6, 6] - [2, 2, 6, 6]
[9, 15, 204, 17] - [5, 60, 204, 17]	True - [2, 2, 6, 6] - [2, 2, 6, 6]
[9, 15, 204, 20] - [5, 60, 204, 20]	True - [1, 1, 2, 3, 3, 6] - [1, 1, 2, 3, 3, 6]
[9, 15, 204, 65] - [5, 60, 204, 65]	True - [1, 1, 2, 3, 3, 6] - [1, 1, 2, 3, 3, 6]
[9, 15, 204, 68] - [5, 60, 204, 68]	True - [1, 1, 1, 1, 3, 3, 3, 3] - [1, 1, 1, 1, 3, 3, 3, 3]
[9, 15, 85, 5] - [5, 60, 85, 5]	True - [1, 1, 2, 3, 3, 6] - [1, 1, 2, 3, 3, 6]
[9, 15, 85, 20] - [5, 60, 153, 5]	True - [1, 3, 3, 3, 3, 3] - [1, 3, 3, 3, 3, 3]
[9, 15, 85, 65] - [5, 60, 102, 5]	True - [1, 3, 3, 3, 3, 3] - [1, 3, 3, 3, 3, 3]
[9, 15, 85, 80] - [5, 60, 170, 5]	True - [4, 12] - [4, 12]
[9, 15, 170, 5] - [5, 60, 85, 80]	True - [4, 12] - [4, 12]
[9, 15, 170, 20] - [5, 60, 102, 80]	True - [1, 3, 3, 3, 3, 3] - [1, 3, 3, 3, 3, 3]
[9, 15, 170, 65] - [5, 60, 153, 80]	True - [1, 3, 3, 3, 3, 3] - [1, 3, 3, 3, 3, 3]
[9, 15, 170, 80] - [5, 60, 170, 80]	True - [1, 1, 2, 3, 3, 6] - [1, 1, 2, 3, 3, 6]
[9, 15, 102, 5] - [5, 60, 85, 65]	True - [1, 3, 3, 3, 3, 3] - [1, 3, 3, 3, 3, 3]
[9, 15, 102, 17] - [5, 60, 153, 17]	True - [4, 12] - [4, 12]
[9, 15, 102, 68] - [5, 60, 102, 68]	True - [1, 1, 2, 3, 3, 6] - [1, 1, 2, 3, 3, 6]
[9, 15, 102, 80] - [5, 60, 170, 20]	True - [1, 3, 3, 3, 3, 3] - [1, 3, 3, 3, 3, 3]
[9, 15, 153, 5] - [5, 60, 85, 20]	True - [1, 3, 3, 3, 3, 3] - [1, 3, 3, 3, 3, 3]
[9, 15, 153, 17] - [5, 60, 102, 17]	True - [4, 12] - [4, 12]
[9, 15, 153, 68] - [5, 60, 153, 68]	True - [1, 1, 2, 3, 3, 6] - [1, 1, 2, 3, 3, 6]
[9, 15, 153, 80] - [5, 60, 170, 65]	True - [1, 3, 3, 3, 3, 3] - [1, 3, 3, 3, 3, 3]
[9, 240, 51, 17] - [10, 195, 51, 17]	True - [2, 2, 6, 6] - [2, 2, 6, 6]
[9, 240, 51, 20] - [10, 195, 51, 65]	True - [4, 12] - [4, 12]
[9, 240, 51, 65] - [10, 195, 51, 20]	True - [4, 12] - [4, 12]
[9, 240, 51, 68] - [10, 195, 51, 68]	True - [2, 2, 6, 6] - [2, 2, 6, 6]
[9, 240, 204, 17] - [10, 195, 204, 17]	True - [2, 2, 6, 6] - [2, 2, 6, 6]
[9, 240, 204, 20] - [10, 195, 204, 20]	True - [1, 1, 2, 3, 3, 6] - [1, 1, 2, 3, 3, 6]
[9, 240, 204, 65] - [10, 195, 204, 65]	True - [1, 1, 2, 3, 3, 6] - [1, 1, 2, 3, 3, 6]
[9, 240, 204, 68] - [10, 195, 204, 68]	True - [1, 1, 1, 1, 3, 3, 3, 3] - [1, 1, 1, 1, 3, 3, 3, 3]
[9, 240, 85, 5] - [10, 195, 85, 5]	True - [1, 1, 2, 3, 3, 6] - [1, 1, 2, 3, 3, 6]
[9, 240, 85, 20] - [10, 195, 153, 5]	True - [1, 3, 3, 3, 3, 3] - [1, 3, 3, 3, 3, 3]
[9, 240, 85, 65] - [10, 195, 102, 5]	True - [1, 3, 3, 3, 3, 3] - [1, 3, 3, 3, 3, 3]
[9, 240, 85, 80] - [10, 195, 170, 5]	True - [4, 12] - [4, 12]
[9, 240, 170, 5] - [10, 195, 85, 80]	True - [4, 12] - [4, 12]
[9, 240, 170, 20] - [10, 195, 102, 80]	True - [1, 3, 3, 3, 3, 3] - [1, 3, 3, 3, 3, 3]
[9, 240, 170, 65] - [10, 195, 153, 80]	True - [1, 3, 3, 3, 3, 3] - [1, 3, 3, 3, 3, 3]
[9, 240, 170, 80] - [10, 195, 170, 80]	True - [1, 1, 2, 3, 3, 6] - [1, 1, 2, 3, 3, 6]
[9, 240, 102, 5] - [10, 195, 85, 65]	True - [1, 3, 3, 3, 3, 3] - [1, 3, 3, 3, 3, 3]
[9, 240, 102, 17] - [10, 195, 153, 17]	True - [4, 12] - [4, 12]
[9, 240, 102, 68] - [10, 195, 102, 68]	True - [1, 1, 2, 3, 3, 6] - [1, 1, 2, 3, 3, 6]
[9, 240, 102, 80] - [10, 195, 170, 20]	True - [1, 3, 3, 3, 3, 3] - [1, 3, 3, 3, 3, 3]
[9, 240, 153, 5] - [10, 195, 85, 20]	True - [1, 3, 3, 3, 3, 3] - [1, 3, 3, 3, 3, 3]
[9, 240, 153, 17] - [10, 195, 102, 17]	True - [4, 12] - [4, 12]
[9, 240, 153, 68] - [10, 195, 153, 68]	True - [1, 1, 2, 3, 3, 6] - [1, 1, 2, 3, 3, 6]
[9, 240, 153, 80] - [10, 195, 170, 65]	True - [1, 3, 3, 3, 3, 3] - [1, 3, 3, 3, 3, 3]
